0 0
4 4
7 6
8 7
10 9
11 10
13 12
16 16
17 17
20 19
21 20
22 21
24 22
30 31
31 32
33 35
35 39
40 44
42 47
45 50
47 51
49 53
50 55
51 56
52 57
53 58
58 66
60 68
61 69
69 74
70 75
76 81
77 82
78 83
80 85
81 86
83 89
84 90
87 93
89 94
93 98
98 104
109 111
118 117
120 119
122 122
125 126
126 127
127 128
128 129
130 133
131 138
132 139
136 142
137 144
141 148
142 149
145 152
146 154
149 158
157 167
158 168
160 170
163 173
167 176
169 177
170 178
171 179
172 180
175 185
178 187
179 189
180 191
182 193
184 195
185 198
186 199
187 200
190 202
192 205
193 207
194 208
196 211
202 217
209 225
210 226
212 229
214 231
216 233
220 237
224 241
226 243
227 244
228 245
229 246
233 249
234 251
235 252
240 260
241 261
242 262
248 272
250 275
253 279
254 281
255 282
256 283
257 284
258 285
264 293
275 308
276 309
281 314
282 315
284 317
285 318
287 320
288 325
290 328
292 330
293 331
295 332
296 335
299 337
300 338
302 341
304 344
314 356
316 359
317 360
320 362
327 368
331 373
337 377
338 378
339 379
343 383
344 384
349 392
352 394
354 396
356 398
359 402
362 404
364 407
365 409
366 410
369 412
370 413
373 416
374 418
375 420
378 422
379 423
384 428
386 430
391 434
393 435
394 436
395 438
396 439
398 440
403 446
404 447
406 448
408 451
409 452
415 458
419 465
422 467
423 469
424 470
427 474
429 476
431 478
434 481
438 486
439 487
442 492
443 493
444 496
447 499
449 502
452 505
453 506
456 508
457 510
461 516
464 519
467 524
470 525
471 527
473 529
475 531
476 533
484 539
487 541
489 544
490 545
501 554
510 568
511 570
513 571
516 573
517 577
525 585
530 589
533 593
537 596
540 599
541 600
544 602
545 605
546 606
549 608
550 609
551 611
552 614
555 616
558 618
562 621
565 623
566 624
567 625
568 626
569 627
570 628
577 634
589 644
590 645
592 647
593 649
599 654
601 656
602 657
605 660
607 662
608 663
609 665
610 666
611 667
615 671
616 672
617 673
619 675
620 676
621 677
622 678
627 685
630 689
631 691
632 692
634 694
636 696
640 703
641 704
643 706
647 710
652 718
654 719
656 722
657 723
658 724
659 725
660 726
661 728
664 731
666 733
668 734
670 736
672 739
677 744
679 747
685 758
686 759
687 760
691 766
693 770
694 771
701 777
704 780
707 783
709 785
711 786
716 792
718 793
719 794
720 795
724 798
726 800
728 802
729 803
735 811
737 813
741 815
742 816
743 817
744 818
747 820
751 825
754 829
757 832
758 833
760 835
762 838
763 839
766 843
768 844
770 848
771 849
772 850
774 852
775 853
777 856
778 857
781 860
782 861
784 863
785 864
788 867
789 868
790 869
792 870
794 871
797 873
805 879
806 880
807 881
808 882
810 884
811 885
813 887
814 888
815 889
817 891
823 896
825 897
827 899
828 900
830 901
835 906
843 912
849 922
851 925
852 926
856 930
857 931
864 935
872 945
874 947
876 949
877 950
880 952
881 953
887 960
889 962
890 963
892 964
893 965
894 966
896 968
897 969
898 970
901 974
902 975
903 976
905 978
910 982
915 989
916 991
917 993
922 998
925 1000
928 1007
929 1008
930 1010
935 1016
936 1019
939 1022
944 1027
945 1028
949 1033
950 1034
952 1036
953 1037
955 1041
960 1048
966 1058
967 1060
968 1061
969 1062
970 1063
971 1065
972 1066
973 1067
981 1073
985 1079
986 1080
988 1082
990 1083
992 1085
994 1087
1000 1093
1006 1101
1009 1103
1010 1104
1012 1105
1016 1111
1017 1112
1019 1115
1021 1117
1022 1118
1031 1131
1038 1138
1039 1139
1041 1141
1042 1143
1043 1144
1046 1148
1048 1150
1049 1151
1050 1152
1051 1153
1053 1155
1054 1156
1058 1161
1063 1166
1064 1168
1065 1169
1066 1170
1069 1174
1071 1177
1074 1180
1075 1181
1091 1201
1095 1205
1096 1206
1097 1208
1098 1209
1099 1210
1102 1214
1103 1215
1104 1216
1108 1222
1110 1223
1113 1226
1116 1229
1121 1234
1128 1239
1129 1241
1134 1247
1139 1253
1141 1256
1142 1258
1143 1259
1146 1263
1149 1265
1150 1267
1151 1268
1155 1272
1157 1277
1164 1285
1169 1288
1171 1293
1173 1295
1175 1297
1177 1300
1178 1301
1179 1304
1180 1305
1182 1307
1183 1309
1184 1310
1189 1314
1197 1322
1204 1329
1205 1331
1207 1333
1210 1336
1211 1337
1216 1344
1219 1348
1220 1349
1221 1351
1222 1352
1223 1354
1225 1357
1226 1358
1227 1359
1231 1362
1233 1364
1235 1366
1237 1368
1241 1372
1242 1373
1247 1376
1248 1377
1250 1381
1252 1383
1256 1385
1259 1387
1260 1388
1261 1389
1262 1391
1263 1392
1267 1393
1269 1394
1271 1395
1275 1399
1278 1403
1280 1405
1283 1408
1285 1410
1291 1418
1292 1420
1294 1422
1295 1423
1297 1424
1298 1425
1303 1432
1304 1433
1309 1438
1310 1439
1311 1440
1312 1441
1313 1443
1317 1447
1321 1453
1323 1456
1327 1461
1328 1462
1329 1463
1330 1464
1332 1466
1334 1468
1335 1470
1339 1473
1341 1474
1343 1477
1344 1478
1349 1482
1353 1486
1354 1487
1355 1490
1356 1491
1362 1497
1363 1499
1368 1503
1369 1504
1370 1507
1371 1509
1372 1510
1373 1511
1376 1516
1380 1522
1385 1525
1387 1527
1390 1529
1391 1530
1393 1532
1397 1536
1398 1537
1399 1539
1401 1541
1404 1545
1405 1546
1406 1547
1407 1548
1409 1551
1410 1552
1413 1553
1414 1554
1415 1555
1419 1558
1421 1562
1423 1564
1429 1568
1430 1570
1432 1571
1434 1574
1440 1580
1443 1586
1445 1589
1446 1590
1447 1591
1449 1593
1452 1598
1457 1604
1458 1605
1459 1606
1464 1609
1465 1611
1466 1612
1467 1613
1470 1616
1472 1617
1473 1618
1477 1623
1480 1626
1481 1627
1482 1628
1483 1629
1484 1630
1489 1635
1491 1638
1496 1643
1497 1645
1498 1646
1499 1647
1501 1649
1502 1650
1506 1654
1507 1655
1508 1657
1511 1660
1514 1662
1515 1663
1516 1664
1521 1670
1525 1674
1527 1678
1530 1679
1531 1680
1534 1684
1535 1685
1541 1696
1545 1699
1547 1701
1548 1702
1550 1704
1553 1708
1556 1710
1558 1713
1562 1719
1564 1721
1565 1722
1567 1724
1568 1725
1573 1734
1582 1741
1584 1742
1585 1743
1587 1744
1589 1746
1591 1748
1593 1750
1604 1760
1608 1763
1609 1764
1610 1765
1614 1769
1616 1772
1618 1774
1621 1776
1622 1777
1624 1779
1628 1784
1629 1785
1638 1797
1641 1804
1645 1809
1647 1811
1649 1813
1655 1818
1656 1822
1658 1823
1660 1826
1662 1829
1665 1832
1667 1833
1670 1838
1672 1841
1674 1842
1675 1844
1682 1851
1683 1852
1688 1857
1689 1858
1693 1864
1696 1867
1697 1868
1700 1871
1702 1875
1703 1876
1704 1877
1710 1881
1712 1884
1715 1888
1716 1889
1718 1891
1719 1892
1721 1894
1722 1895
1725 1898
1729 1903
1731 1906
1734 1909
1735 1910
1736 1911
1737 1912
1742 1918
1744 1920
1747 1923
1753 1931
1754 1932
1755 1933
1756 1934
1758 1936
1759 1937
1761 1941
1763 1943
1764 1945
1767 1948
1768 1949
1770 1950
1771 1951
1772 1952
1774 1954
1775 1955
1777 1957
1778 1959
1781 1963
1783 1964
1787 1970
1788 1971
1789 1972
1792 1974
1793 1975
1794 1976
1795 1977
1798 1979
1801 1982
1802 1983
1803 1985
1804 1986
1807 1988
1808 1989
1809 1990
1811 1993
1812 1994
1813 1995
1818 2002
1819 2003
1820 2004
1821 2006
1822 2007
1823 2008
1824 2009
1827 2011
1828 2012
1829 2013
1833 2018
1834 2020
1836 2022
1837 2024
1838 2025
1839 2026
1841 2030
1844 2035
1847 2038
1848 2039
1849 2040
1851 2042
1852 2044
1853 2045
1854 2046
1856 2048
1859 2051
1861 2053
1862 2054
1865 2060
1867 2062
1868 2063
1869 2066
1870 2067
1873 2071
1875 2073
1880 2079
1881 2080
1882 2081
1885 2084
1892 2093
1893 2094
1894 2096
1896 2098
1898 2105
1904 2112
1905 2115
1906 2116
1914 2124
1918 2128
1919 2129
1924 2135
1935 2143
1936 2145
1938 2146
1939 2147
1940 2148
1942 2150
1945 2153
1947 2156
1949 2158
1952 2163
1956 2166
1962 2171
1963 2172
1964 2173
1965 2174
1970 2178
1971 2179
1972 2180
1974 2184
1979 2189
1980 2190
1982 2192
1985 2195
1991 2198
1992 2199
1999 2207
2003 2211
2005 2213
2006 2215
2012 2220
2013 2221
2020 2227
2021 2228
2024 2231
2029 2234
2034 2240
2036 2242
2037 2243
2038 2244
2039 2246
2041 2248
2047 2253
2052 2259
2056 2264
2060 2269
2064 2274
2068 2279
2069 2282
2070 2283
2080 2293
2082 2298
2085 2302
2086 2303
2090 2309
2092 2311
2093 2312
2101 2321
2102 2322
2103 2323
2104 2324
2106 2326
2107 2327
2108 2328
2109 2329
2110 2330
2113 2335
2114 2336
2115 2337
2120 2346
2121 2348
2122 2352
2123 2353
2124 2354
2126 2355
2128 2358
2130 2359
2135 2363
2137 2365
2141 2370
2147 2376
2149 2379
2151 2381
2153 2386
2154 2388
2155 2389
2156 2391
2157 2395
2159 2396
2162 2399
2164 2402
2166 2406
2167 2407
2169 2408
2172 2410
2178 2415
2179 2416
2189 2425
2191 2428
2192 2429
2196 2433
2198 2434
2200 2437
2203 2440
2206 2443
2211 2448
2215 2451
2220 2460
2223 2464
2224 2465
2225 2466
2226 2468
2228 2469
2230 2471
2232 2474
2233 2475
2235 2476
2237 2477
2242 2481
2243 2482
2245 2484
2246 2485
2250 2488
2253 2490
2258 2494
2259 2495
2262 2497
2266 2504
2267 2505
2268 2506
2269 2507
2270 2508
2271 2509
2277 2515
2278 2516
2279 2517
2287 2527
2289 2529
2290 2530
2291 2531
2293 2532
2294 2534
2302 2538
2306 2544
2307 2545
2308 2547
2312 2551
2317 2558
2318 2559
2319 2561
2321 2563
2322 2564
2323 2566
2328 2573
2331 2577
2336 2583
2339 2587
2341 2589
2345 2593
2346 2594
2347 2595
2349 2599
2350 2600
2354 2605
2358 2610
2359 2611
2361 2612
2362 2613
2366 2619
2373 2625
2374 2627
2375 2628
2379 2631
2383 2632
2386 2634
2389 2637
2392 2639
2395 2642
2396 2643
2397 2646
2399 2647
2400 2648
2402 2649
2403 2650
2404 2651
2405 2652
2406 2653
2408 2654
2415 2664
2420 2670
2421 2671
2422 2673
2426 2676
2428 2678
2431 2683
2435 2690
2436 2691
2437 2692
2439 2694
2443 2699
2445 2701
2446 2702
2448 2705
2449 2706
2451 2707
2452 2708
2453 2709
2455 2712
2457 2715
2460 2718
2463 2721
2468 2726
2469 2727
2470 2729
2471 2730
2475 2734
2478 2737
2485 2743
2487 2745
2490 2747
2491 2748
2493 2750
2496 2753
2498 2757
2505 2766
2509 2768
2511 2770
2512 2771
2514 2772
2517 2776
2519 2777
2520 2778
2522 2779
2523 2780
2525 2782
2528 2784
2529 2785
2532 2788
2535 2791
2539 2794
2543 2797
2545 2799
2549 2801
2555 2807
2558 2810
2559 2811
2560 2812
2562 2814
2563 2816
2564 2819
2565 2820
2566 2822
2568 2824
2572 2827
2573 2828
2574 2829
2575 2831
2577 2834
2580 2837
2586 2841
2587 2842
2589 2846
2591 2848
2596 2854
2598 2857
2599 2859
2600 2860
2601 2862
2606 2867
2608 2868
2613 2874
2614 2875
2616 2877
2617 2878
2623 2884
2626 2887
2628 2888
2629 2889
2632 2894
2633 2895
2634 2897
2641 2906
2643 2907
2645 2909
2646 2910
2648 2912
2649 2913
2650 2914
2653 2917
2658 2921
2660 2923
2665 2929
2669 2932
2674 2936
2675 2937
2677 2941
2679 2944
2680 2946
2683 2948
2684 2949
2688 2951
2692 2954
2696 2958
2697 2959
2698 2960
2700 2963
2701 2965
2702 2966
2705 2969
2706 2970
2708 2972
2712 2977
2714 2979
2724 2990
2727 2992
2730 2995
2731 2996
2732 2998
2733 2999
2737 3003
2738 3005
2739 3006
2740 3007
2741 3008
2743 3010
2745 3013
2746 3014
2747 3016
2753 3022
2756 3025
2759 3028
2762 3030
2765 3034
2767 3036
2769 3038
2770 3039
2772 3042
2773 3043
2774 3044
2776 3045
2779 3047
2783 3056
2784 3058
2788 3063
2789 3064
2790 3065
2792 3067
2793 3068
2795 3070
2802 3076
2803 3077
2805 3078
2808 3081
2812 3085
2813 3087
2814 3089
2816 3091
2818 3093
2819 3094
2820 3096
2823 3099
2830 3103
2831 3104
2833 3106
2834 3107
2835 3108
2836 3109
2837 3111
2841 3115
2842 3116
2844 3118
2845 3119
2848 3122
2853 3126
2854 3127
2855 3128
2856 3129
2862 3135
2863 3137
2864 3138
2867 3142
2871 3149
2873 3151
2876 3154
2880 3158
2881 3159
2882 3160
2887 3165
2894 3175
2895 3176
2902 3183
2905 3188
2911 3196
2912 3197
2913 3198
2916 3201
2918 3202
2923 3204
2924 3206
2926 3208
2930 3211
2932 3214
2934 3216
2937 3217
2941 3220
2942 3222
2943 3223
2945 3225
2946 3227
2948 3229
2950 3232
2952 3234
2958 3242
2961 3246
2962 3247
2964 3249
2965 3250
2967 3255
2971 3261
2972 3262
2973 3263
2974 3264
2977 3267
2979 3269
2980 3270
2982 3272
2984 3276
2986 3278
2988 3280
2989 3283
2992 3287
2995 3291
2997 3293
2998 3295
2999 3296
3000 3297
3007 3302
3008 3303
3011 3306
3013 3308
3015 3309
3018 3312
3023 3315
3025 3317
3031 3320
3032 3323
3033 3324
3034 3326
3039 3333
3040 3334
3041 3335
3043 3337
3044 3338
3051 3348
3053 3350
3054 3352
3057 3355
3060 3357
3061 3358
3062 3359
3063 3360
3065 3363
3069 3368
3070 3369
3071 3370
3072 3371
3076 3373
3082 3376
3083 3379
3084 3380
3087 3386
3088 3387
3091 3389
3095 3392
3098 3396
3099 3398
3101 3399
3103 3401
3106 3406
3107 3407
3109 3408
3112 3410
3116 3413
3119 3415
3121 3417
3122 3418
3126 3421
3130 3426
3131 3427
3132 3428
3137 3435
3139 3436
3140 3437
3141 3438
3145 3442
3146 3443
3149 3445
3151 3448
3155 3451
3158 3453
3160 3454
3168 3461
3171 3466
3174 3469
3175 3470
3176 3471
3182 3473
3184 3475
3186 3476
3189 3479
3190 3480
3192 3482
3195 3484
3197 3486
3198 3488
3199 3490
3200 3493
3204 3495
3206 3497
3208 3499
3210 3501
3211 3502
3212 3503
3213 3504
3217 3506
3218 3507
3222 3512
3223 3514
3224 3515
3225 3518
3226 3519
3233 3526
3236 3530
3238 3531
3241 3534
3242 3535
3244 3537
3246 3539
3250 3543
3254 3545
3255 3546
3256 3547
3262 3554
3264 3556
3266 3558
3268 3561
3270 3564
3272 3567
3273 3569
3275 3571
3276 3574
3277 3575
3278 3576
3281 3580
3282 3581
3285 3584
3288 3590
3289 3592
3292 3596
3293 3597
3296 3599
3297 3600
3298 3601
3302 3606
3305 3610
3306 3611
3313 3619
3314 3620
3316 3621
3318 3623
3319 3624
3320 3625
3322 3626
3323 3628
3324 3629
3333 3638
3339 3644
3340 3645
3344 3649
3348 3652
3349 3653
3350 3655
3351 3656
3354 3659
3358 3663
3364 3669
3365 3670
3368 3672
3375 3678
3379 3681
3380 3682
3382 3684
3383 3685
3386 3689
3388 3691
3389 3692
3390 3693
3393 3695
3394 3696
3396 3700
3397 3702
3403 3710
3405 3711
3411 3720
3415 3722
3420 3728
3422 3731
3423 3732
3425 3734
3428 3737
3429 3738
3430 3740
3434 3741
3436 3742
3437 3743
3440 3745
3442 3748
3443 3749
3446 3754
3449 3757
3450 3758
3451 3759
3452 3760
3454 3763
3456 3765
3459 3771
3462 3772
3468 3776
3474 3779
3479 3787
3481 3789
3482 3790
3484 3792
3486 3794
3487 3795
3492 3799
3496 3803
3500 3806
3504 3811
3509 3819
3511 3821
3513 3823
3515 3825
3518 3828
3519 3829
3521 3830
3524 3833
3529 3840
3530 3841
3532 3844
3534 3846
3535 3848
3538 3851
3539 3852
3540 3853
3541 3854
3547 3859
3548 3860
3550 3863
3551 3864
3555 3869
3564 3875
3565 3876
3567 3878
3569 3880
3570 3881
3572 3882
3574 3883
3577 3885
3578 3888
3579 3890
3581 3892
3582 3894
3584 3896
3585 3897
3588 3899
3589 3900
3592 3902
3593 3903
3595 3906
3597 3909
3599 3911
3600 3913
3601 3914
3604 3917
3609 3923
3610 3924
3612 3926
3617 3930
3621 3936
3622 3938
3623 3940
3624 3941
3630 3948
3632 3950
3633 3952
3635 3954
3637 3956
3638 3957
3640 3959
3641 3960
3643 3962
3645 3964
3646 3965
3647 3966
3648 3968
3653 3973
3654 3974
3656 3975
3657 3976
3660 3979
3662 3982
3663 3983
3664 3984
3666 3986
3667 3987
3668 3988
3669 3989
3670 3991
3672 3992
3675 3995
3677 3997
3678 3998
3679 3999
3680 4001
3681 4002
3682 4003
3686 4007
3689 4009
3691 4011
3694 4014
3695 4015
3699 4020
3700 4021
3704 4028
3705 4029
1 1
2 2
3 3
6 5
12 11
14 13
15 14
18 18
26 24
27 26
28 28
29 29
32 33
34 37
36 40
37 41
38 42
39 43
41 45
44 49
48 52
54 60
55 61
56 63
57 64
59 67
62 70
66 71
67 72
71 76
72 77
73 78
74 79
79 84
82 87
86 92
90 95
91 96
92 97
95 99
96 101
97 102
99 105
101 108
106 109
107 110
112 112
114 113
116 115
117 116
119 118
121 121
123 124
124 125
129 131
133 140
134 141
138 145
139 146
140 147
143 151
147 156
148 157
151 160
152 162
153 163
154 164
155 165
156 166
161 171
162 172
164 174
166 175
173 181
174 184
177 186
183 194
188 201
191 203
195 210
197 212
198 213
199 214
200 215
201 216
205 219
206 221
207 222
208 223
213 230
217 234
218 235
219 236
221 239
222 240
225 242
230 247
232 248
236 255
237 256
238 257
239 259
243 264
244 265
245 267
246 268
247 271
249 274
251 277
252 278
261 288
262 289
263 291
265 294
266 297
267 298
268 299
269 300
271 302
272 303
274 307
277 310
278 311
279 312
280 313
283 316
286 319
289 326
291 329
297 336
301 339
303 343
305 345
307 348
308 349
309 350
311 353
313 354
315 358
318 361
321 363
324 364
325 366
326 367
328 369
329 370
330 371
334 374
335 375
336 376
340 380
341 381
342 382
345 385
347 388
348 390
353 395
355 397
357 399
358 401
360 403
363 406
367 411
372 415
377 421
380 424
381 425
382 426
383 427
385 429
388 431
389 432
390 433
399 442
400 443
402 445
407 449
412 453
413 457
416 461
417 462
420 466
425 472
426 473
428 475
432 480
435 482
436 484
437 485
441 491
446 497
448 500
450 503
451 504
454 507
458 513
459 514
460 515
462 517
463 518
465 520
466 521
472 528
474 530
477 534
478 535
482 537
483 538
488 542
493 546
494 547
495 548
496 549
497 550
498 551
499 552
500 553
502 558
503 559
505 560
506 561
507 562
508 563
509 566
514 572
518 578
519 579
521 581
522 582
523 583
524 584
526 586
529 587
531 591
532 592
534 594
536 595
538 597
539 598
543 601
547 607
553 615
559 619
560 620
564 622
571 629
572 630
573 631
574 632
575 633
578 635
579 636
580 637
581 638
583 639
584 640
585 641
588 643
591 646
594 650
597 652
598 653
600 655
603 658
604 659
606 661
612 668
613 669
614 670
618 674
625 683
629 687
633 693
635 695
637 697
638 698
639 699
642 705
644 707
645 708
646 709
648 711
649 713
650 714
651 715
655 720
662 729
663 730
665 732
669 735
671 738
673 740
674 741
675 742
676 743
678 746
680 749
683 755
684 757
688 762
689 763
692 768
698 773
699 774
700 775
702 778
703 779
706 782
708 784
712 787
714 789
715 790
721 796
725 799
727 801
730 804
731 805
732 807
733 808
734 809
740 814
745 819
748 821
749 823
750 824
755 830
756 831
759 834
761 837
764 841
765 842
769 846
773 851
779 858
780 859
783 862
787 866
796 872
799 874
801 875
804 876
812 886
816 890
818 892
821 893
822 895
826 898
831 902
832 903
834 904
836 907
837 908
838 909
842 910
844 914
847 915
848 918
850 924
853 927
855 929
859 932
861 933
862 934
867 939
869 940
870 941
871 944
873 946
875 948
879 951
883 954
884 956
885 958
886 959
888 961
895 967
899 972
900 973
904 977
907 979
908 980
909 981
911 983
912 986
913 987
914 988
918 994
919 995
920 996
921 997
923 999
926 1001
927 1003
932 1012
933 1013
934 1014
937 1020
938 1021
940 1023
941 1024
942 1026
946 1030
947 1031
948 1032
951 1035
954 1038
956 1044
957 1045
959 1047
961 1049
962 1050
963 1051
964 1052
965 1056
974 1068
975 1069
977 1070
978 1071
980 1072
982 1074
983 1076
984 1077
991 1084
993 1086
998 1090
999 1092
1002 1095
1003 1096
1004 1097
1005 1100
1008 1102
1013 1107
1014 1108
1015 1109
1018 1114
1020 1116
1023 1120
1024 1121
1025 1122
1026 1123
1027 1126
1028 1127
1029 1129
1032 1133
1033 1134
1035 1135
1036 1136
1037 1137
1044 1145
1045 1146
1047 1149
1052 1154
1055 1157
1056 1158
1057 1159
1059 1162
1060 1163
1061 1164
1062 1165
1067 1171
1068 1173
1070 1176
1072 1178
1073 1179
1076 1182
1078 1185
1079 1186
1082 1188
1083 1189
1084 1191
1085 1192
1087 1194
1088 1196
1089 1197
1090 1200
1092 1203
1094 1204
1100 1211
1101 1212
1105 1217
1106 1219
1107 1220
1111 1224
1112 1225
1114 1227
1115 1228
1117 1230
1119 1232
1120 1233
1122 1235
1123 1236
1124 1237
1126 1238
1130 1242
1131 1245
1133 1246
1136 1249
1137 1250
1138 1252
1140 1255
1144 1260
1145 1261
1147 1264
1152 1270
1153 1271
1158 1278
1160 1279
1161 1281
1162 1283
1163 1284
1167 1286
1168 1287
1170 1291
1172 1294
1174 1296
1176 1299
1181 1306
1185 1311
1187 1312
1188 1313
1190 1315
1192 1317
1193 1318
1194 1319
1195 1320
1196 1321
1198 1323
1199 1324
1201 1325
1202 1326
1203 1328
1206 1332
1209 1335
1212 1339
1214 1343
1217 1346
1224 1356
1228 1360
1229 1361
1232 1363
1234 1365
1236 1367
1239 1371
1243 1374
1244 1375
1249 1379
1251 1382
1255 1384
1272 1396
1273 1397
1274 1398
1276 1400
1277 1402
1279 1404
1281 1406
1282 1407
1284 1409
1287 1412
1288 1413
1289 1415
1290 1416
1293 1421
1302 1431
1305 1434
1306 1435
1307 1436
1308 1437
1314 1444
1316 1446
1319 1448
1322 1454
1324 1457
1325 1459
1326 1460
1333 1467
1337 1471
1338 1472
1342 1475
1346 1479
1347 1480
1348 1481
1350 1483
1351 1484
1352 1485
1358 1492
1359 1493
1360 1495
1361 1496
1365 1500
1366 1501
1367 1502
1374 1513
1375 1515
1378 1519
1379 1520
1383 1524
1386 1526
1388 1528
1392 1531
1394 1533
1395 1534
1396 1535
1400 1540
1402 1542
1403 1544
1408 1549
1418 1557
1420 1561
1422 1563
1424 1565
1426 1566
1427 1567
1433 1573
1435 1575
1436 1577
1437 1578
1441 1582
1442 1585
1444 1587
1448 1592
1451 1596
1453 1599
1455 1602
1456 1603
1460 1607
1463 1608
1468 1614
1469 1615
1475 1620
1476 1621
1478 1624
1479 1625
1486 1631
1487 1632
1488 1633
1490 1637
1492 1640
1494 1642
1500 1648
1503 1651
1504 1652
1505 1653
1510 1658
1513 1661
1518 1666
1519 1667
1520 1669
1523 1672
1524 1673
1526 1675
1532 1682
1536 1687
1537 1689
1538 1691
1539 1694
1540 1695
1543 1697
1544 1698
1546 1700
1549 1703
1551 1705
1552 1707
1554 1709
1557 1712
1559 1715
1560 1716
1561 1718
1563 1720
1566 1723
1569 1726
1570 1729
1571 1731
1574 1735
1578 1737
1579 1738
1581 1740
1588 1745
1590 1747
1592 1749
1594 1751
1595 1752
1596 1753
1597 1754
1598 1755
1599 1756
1601 1758
1603 1759
1605 1761
1607 1762
1611 1766
1612 1767
1613 1768
1615 1771
1617 1773
1619 1775
1623 1778
1625 1780
1630 1786
1631 1788
1632 1789
1633 1792
1635 1793
1636 1795
1637 1796
1639 1802
1640 1803
1642 1806
1643 1807
1644 1808
1646 1810
1648 1812
1651 1814
1652 1815
1653 1816
1654 1817
1659 1825
1661 1828
1663 1830
1664 1831
1669 1836
1671 1839
1676 1845
1678 1846
1680 1847
1681 1850
1684 1853
1685 1854
1686 1855
1687 1856
1690 1860
1691 1861
1692 1863
1694 1865
1695 1866
1699 1869
1701 1874
1705 1878
1706 1879
1711 1882
1714 1886
1717 1890
1720 1893
1723 1896
1727 1900
1728 1901
1733 1907
1739 1913
1740 1915
1741 1917
1743 1919
1745 1921
1746 1922
1748 1924
1749 1925
1750 1926
1751 1927
1760 1940
1766 1946
1776 1956
1779 1960
1780 1961
1785 1968
1786 1969
1791 1973
1797 1978
1799 1980
1800 1981
1806 1987
1810 1992
1815 1998
1816 1999
1817 2001
1826 2010
1830 2014
1831 2015
1832 2017
1840 2027
1842 2032
1843 2034
1845 2036
1846 2037
1850 2041
1855 2047
1857 2049
1858 2050
1860 2052
1863 2056
1864 2059
1866 2061
1871 2068
1872 2070
1874 2072
1876 2074
1883 2082
1886 2085
1887 2086
1888 2087
1890 2091
1891 2092
1895 2097
1897 2101
1900 2107
1901 2110
1903 2111
1907 2118
1910 2120
1912 2122
1913 2123
1915 2125
1916 2126
1917 2127
1920 2131
1921 2132
1922 2133
1923 2134
1925 2137
1926 2138
1927 2139
1928 2140
1930 2141
1933 2142
1944 2152
1946 2155
1950 2159
1951 2161
1954 2164
1955 2165
1958 2167
1959 2168
1966 2175
1967 2176
1969 2177
1973 2183
1975 2186
1978 2187
1981 2191
1983 2193
1984 2194
1986 2196
1988 2197
1993 2200
1994 2201
1995 2202
1996 2204
1997 2205
1998 2206
2000 2208
2001 2209
2002 2210
2004 2212
2009 2217
2010 2218
2011 2219
2014 2222
2016 2223
2017 2225
2019 2226
2022 2229
2026 2232
2027 2233
2030 2236
2032 2238
2035 2241
2040 2247
2042 2249
2043 2250
2044 2251
2046 2252
2048 2254
2049 2256
2050 2257
2051 2258
2053 2260
2054 2262
2055 2263
2057 2266
2058 2267
2059 2268
2061 2270
2062 2271
2063 2272
2066 2277
2067 2278
2073 2285
2076 2289
2077 2290
2079 2291
2081 2295
2083 2300
2084 2301
2088 2306
2089 2307
2091 2310
2094 2313
2095 2314
2097 2317
2098 2318
2099 2319
2105 2325
2111 2331
2112 2333
2117 2343
2118 2344
2119 2345
2132 2361
2133 2362
2136 2364
2138 2366
2142 2371
2143 2372
2144 2373
2145 2374
2146 2375
2148 2378
2150 2380
2152 2382
2160 2397
2161 2398
2163 2401
2165 2403
2171 2409
2173 2411
2174 2412
2183 2418
2184 2420
2186 2421
2187 2423
2188 2424
2190 2427
2193 2430
2194 2431
2195 2432
2199 2436
2201 2438
2202 2439
2205 2442
2207 2444
2208 2445
2209 2446
2210 2447
2213 2449
2214 2450
2216 2452
2217 2454
2218 2455
2219 2457
2221 2461
2229 2470
2231 2472
2238 2478
2239 2479
2240 2480
2244 2483
2247 2486
2248 2487
2254 2491
2255 2492
2257 2493
2260 2496
2263 2498
2264 2500
2265 2503
2272 2510
2274 2512
2275 2513
2276 2514
2280 2518
2282 2520
2283 2521
2284 2523
2285 2526
2288 2528
2297 2535
2299 2536
2300 2537
2303 2539
2304 2541
2305 2543
2309 2548
2310 2549
2311 2550
2313 2552
2314 2553
2316 2557
2320 2562
2324 2568
2325 2569
2326 2571
2327 2572
2330 2574
2334 2580
2335 2581
2337 2585
2338 2586
2340 2588
2342 2590
2343 2591
2344 2592
2348 2596
2351 2602
2352 2603
2355 2608
2356 2609
2363 2615
2364 2616
2365 2617
2367 2620
2369 2621
2370 2622
2371 2623
2372 2624
2376 2629
2377 2630
2385 2633
2387 2635
2388 2636
2391 2638
2393 2640
2394 2641
2409 2655
2410 2656
2411 2658
2413 2661
2414 2663
2416 2665
2417 2667
2418 2668
2419 2669
2423 2674
2424 2675
2429 2681
2430 2682
2432 2686
2434 2688
2438 2693
2440 2695
2441 2697
2447 2704
2454 2710
2456 2713
2458 2716
2461 2719
2462 2720
2464 2723
2466 2724
2467 2725
2472 2731
2473 2732
2474 2733
2476 2735
2477 2736
2479 2738
2480 2739
2481 2740
2482 2741
2484 2742
2486 2744
2489 2746
2492 2749
2494 2751
2497 2754
2499 2758
2500 2759
2501 2763
2504 2765
2507 2767
2510 2769
2515 2773
2516 2775
2524 2781
2526 2783
2530 2786
2531 2787
2533 2789
2534 2790
2537 2792
2538 2793
2542 2796
2544 2798
2547 2800
2550 2803
2552 2804
2553 2805
2554 2806
2556 2809
2567 2823
2569 2825
2576 2833
2578 2835
2579 2836
2581 2838
2582 2839
2584 2840
2588 2843
2590 2847
2592 2849
2593 2850
2594 2852
2597 2856
2603 2865
2609 2869
2611 2870
2612 2871
2615 2876
2618 2879
2619 2880
2622 2883
2625 2886
2630 2890
2631 2892
2635 2898
2636 2899
2638 2905
2644 2908
2651 2915
2652 2916
2654 2918
2655 2919
2656 2920
2659 2922
2661 2924
2662 2925
2663 2926
2667 2931
2671 2934
2672 2935
2676 2939
2678 2942
2681 2947
2685 2950
2690 2952
2691 2953
2693 2955
2695 2956
2699 2961
2703 2967
2707 2971
2709 2973
2710 2975
2711 2976
2713 2978
2715 2980
2717 2982
2718 2984
2719 2986
2720 2987
2723 2988
2725 2991
2728 2993
2729 2994
2734 3000
2735 3001
2736 3002
2744 3011
2748 3017
2750 3019
2751 3020
2752 3021
2754 3023
2755 3024
2757 3026
2760 3029
2763 3031
2764 3032
2766 3035
2768 3037
2771 3041
2778 3046
2780 3048
2781 3053
2782 3055
2786 3061
2787 3062
2791 3066
2794 3069
2796 3071
2798 3073
2799 3074
2801 3075
2806 3079
2807 3080
2809 3082
2811 3084
2815 3090
2817 3092
2821 3097
2822 3098
2825 3100
2826 3101
2828 3102
2832 3105
2838 3112
2839 3113
2840 3114
2843 3117
2846 3120
2847 3121
2849 3124
2852 3125
2858 3132
2859 3133
2861 3134
2865 3140
2866 3141
2868 3143
2869 3144
2870 3145
2872 3150
2877 3155
2878 3156
2879 3157
2883 3161
2884 3162
2885 3163
2886 3164
2888 3167
2889 3168
2890 3169
2891 3172
2892 3173
2893 3174
2896 3177
2897 3178
2898 3179
2900 3180
2901 3181
2904 3186
2906 3190
2907 3191
2909 3193
2914 3199
2915 3200
2919 3203
2925 3207
2928 3209
2931 3213
2933 3215
2938 3218
2940 3219
2944 3224
2947 3228
2949 3230
2951 3233
2953 3236
2954 3237
2955 3239
2956 3241
2959 3243
2960 3244
2963 3248
2966 3254
2968 3257
2969 3258
2970 3260
2975 3265
2976 3266
2978 3268
2981 3271
2983 3274
2985 3277
2991 3285
2993 3289
2996 3292
3001 3298
3002 3299
3004 3300
3005 3301
3009 3304
3012 3307
3016 3310
3017 3311
3019 3313
3020 3314
3024 3316
3026 3318
3027 3319
3035 3327
3036 3328
3037 3330
3038 3332
3045 3339
3046 3340
3047 3342
3048 3345
3049 3346
3050 3347
3052 3349
3056 3354
3058 3356
3064 3362
3066 3364
3067 3365
3068 3366
3077 3374
3080 3375
3085 3384
3086 3385
3090 3388
3092 3390
3093 3391
3096 3393
3102 3400
3104 3402
3105 3405
3111 3409
3114 3411
3117 3414
3120 3416
3123 3419
3124 3420
3127 3422
3128 3423
3129 3424
3134 3433
3136 3434
3142 3439
3144 3441
3148 3444
3150 3447
3153 3449
3154 3450
3161 3455
3162 3456
3167 3460
3169 3463
3170 3464
3172 3468
3183 3474
3187 3477
3191 3481
3196 3485
3202 3494
3205 3496
3207 3498
3209 3500
3215 3505
3219 3508
3221 3511
3227 3520
3228 3522
3231 3523
3232 3524
3234 3528
3235 3529
3239 3532
3240 3533
3243 3536
3245 3538
3247 3540
3248 3541
3249 3542
3257 3548
3258 3549
3259 3550
3260 3551
3263 3555
3265 3557
3267 3559
3271 3565
3274 3570
3280 3579
3284 3583
3286 3585
3287 3586
3290 3593
3291 3595
3295 3598
3299 3602
3300 3604
3301 3605
3303 3607
3304 3609
3307 3613
3308 3614
3309 3615
3310 3616
3311 3617
3312 3618
3317 3622
3325 3630
3326 3631
3327 3632
3328 3633
3329 3634
3330 3635
3331 3636
3334 3639
3335 3640
3336 3642
3337 3643
3341 3647
3345 3650
3346 3651
3352 3657
3353 3658
3357 3662
3359 3664
3360 3665
3361 3666
3362 3668
3367 3671
3369 3673
3373 3676
3374 3677
3376 3679
3378 3680
3381 3683
3384 3686
3385 3687
3387 3690
3391 3694
3395 3698
3398 3703
3399 3705
3400 3706
3402 3709
3406 3712
3407 3715
3409 3718
3410 3719
3414 3721
3416 3724
3417 3726
3419 3727
3421 3729
3424 3733
3426 3735
3427 3736
3445 3750
3447 3755
3448 3756
3453 3762
3455 3764
3457 3766
3458 3767
3464 3773
3466 3774
3467 3775
3469 3777
3472 3778
3475 3781
3476 3782
3477 3783
3478 3786
3480 3788
3485 3793
3489 3797
3490 3798
3493 3800
3494 3801
3495 3802
3501 3808
3502 3809
3503 3810
3505 3813
3506 3814
3507 3816
3508 3818
3510 3820
3512 3822
3514 3824
3516 3826
3517 3827
3522 3831
3523 3832
3526 3835
3527 3838
3528 3839
3531 3843
3533 3845
3537 3849
3544 3855
3546 3858
3549 3862
3552 3865
3553 3866
3554 3868
3558 3870
3560 3871
3561 3872
3563 3873
3566 3877
3568 3879
3583 3895
3586 3898
3591 3901
3594 3904
3596 3907
3598 3910
3602 3915
3603 3916
3605 3918
3606 3919
3608 3920
3611 3925
3614 3927
3615 3928
3616 3929
3618 3931
3619 3933
3620 3935
3625 3942
3626 3943
3627 3946
3629 3947
3631 3949
3634 3953
3636 3955
3642 3961
3644 3963
3649 3970
3650 3971
3658 3977
3661 3980
3665 3985
3673 3993
3674 3994
3676 3996
3683 4004
3684 4005
3685 4006
3687 4008
3690 4010
3692 4012
3693 4013
3696 4016
3697 4017
3701 4022
3702 4024
