712 1182
961 1306
1086 1342
689 276
1354 1443
1392 87
740 1211
430 428
58 364
535 229
50 812
874 988
408 1123
463 286
1244 116
577 181
487 1464
618 1437
1058 287
1173 1191
1519 161
493 1189
553 1090
533 1445
261 1085
875 727
1320 34
1167 971
1310 224
80 1050
476 954
341 671
1062 1010
356 753
774 470
1271 1275
702 1122
547 777
464 1271
973 1274
902 27
652 7
724 846
512 1422
1393 985
287 1103
935 615
1123 927
1015 1168
1071 337
969 1235
719 800
968 1295
331 159
131 1468
1416 1106
1523 1428
390 751
684 702
1192 1400
317 130
125 795
623 6
687 1078
793 84
989 61
158 635
917 1161
1362 1421
1228 1150
1257 204
336 748
422 1355
1219 33
543 1194
634 1036
644 1220
1061 501
252 768
686 491
1004 711
1318 1297
338 1020
1053 222
329 692
930 1152
1252 663
1055 311
642 526
376 499
750 1471
1159 1325
585 1144
1231 774
591 1506
621 1229
1190 1142
1426 585
1507 744
762 682
1511 331
53 458
734 558
595 73
532 815
691 489
383 1242
309 1007
95 534
1047 1307
384 840
848 1005
679 1053
662 1138
456 825
206 906
1152 695
996 1129
850 261
638 1110
147 1250
939 762
775 1386
851 270
1021 794
164 886
531 45
123 1042
37 1071
558 326
392 1470
1531 935
536 325
552 127
1007 1172
367 1402
197 546
1085 1425
121 176
262 1395
821 545
617 754
1143 128
224 625
541 1475
725 350
145 388
864 375
916 42
1534 809
457 522
130 1473
87 805
894 380
563 118
514 1199
933 1219
212 1236
106 1195
84 1429
1274 651
190 1013
843 1254
382 621
141 315
1339 675
905 80
738 54
869 436
410 1287
748 258
516 1291
513 1054
731 842
668 1412
246 36
310 685
62 1130
1005 1069
219 547
988 11
238 1155
1068 1196
888 610
297 196
379 387
1335 381
548 779
746 1193
899 467
59 1006
107 430
972 821
477 1024
160 1089
635 867
143 265
175 411
1072 1310
40 820
114 1197
812 647
1213 897
1066 943
1302 948
1187 344
1300 241
411 303
1196 1472
1451 600
1475 114
1510 1389
1561 402
1492 22
1356 323
893 538
2 1293
1239 304
1471 662
485 133
626 483
709 865
466 29
1197 238
342 1370
447 836
822 896
231 807
1312 131
22 495
666 747
86 569
636 1099
549 634
967 843
932 1230
659 919
327 1352
511 1185
987 124
518 1329
941 806
394 1202
18 778
718 321
502 524
660 1375
444 362
432 1403
678 1379
324 784
813 1330
366 207
191 219
1540 596
1099 1221
273 712
136 1320
165 46
1044 1028
1527 973
1269 548
744 2
560 1039
35 465
1340 1357
849 907
582 484
72 1263
1225 1440
460 738
860 12
15 319
202 478
359 1500
838 233
739 830
611 235
589 60
1261 119
1411 500
631 147
294 1077
1112 139
221 1076
140 98
326 1272
721 1012
650 1083
785 1048
14 1430
842 583
661 420
658 782
831 521
1006 496
657 710
328 529
488 1206
836 978
7 781
1331 1162
1288 310
1184 1507
1465 1454
229 393
4 654
877 939
871 917
343 421
772 844
1117 963
137 366
119 656
448 242
1141 451
1070 703
1493 1311
1110 1068
112 1286
1479 799
1241 397
749 391
999 1328
1146 564
765 123
537 627
497 592
1497 719
1460 1384
154 689
245 354
1518 1018
1394 445
825 1277
1407 177
1161 808
496 1270
1207 1116
1157 735
357 552
1111 186
952 755
986 1205
1130 870
1283 21
1019 1102
1439 1313
1096 898
1334 432
1494 1410
954 1362
1200 947
1417 878
1199 1258
1476 659
1554 1125
1403 290
1390 28
1529 1015
1459 881
919 37
320 1203
1295 187
57 473
573 1382
1380 209
515 1497
1222 59
1504 463
606 1401
222 750
1202 530
1467 109
1209 1262
1485 1165
347 773
1438 1029
1434 410
1514 555
483 996
669 1479
664 274
693 599
1491 1051
236 373
872 1224
1301 990
1315 602
1125 633
155 918
71 1087
1481 455
1235 1481
52 566
97 291
546 415
1038 1014
1266 908
1203 1414
800 145
1023 630
1486 1333
1273 977
1425 605
1296 909
1193 322
1328 876
1452 607
692 816
146 819
1374 154
491 938
355 390
1314 305
421 1378
1223 208
1151 332
1545 995
428 1397
534 772
1255 1427
478 715
1040 1334
984 1343
1067 789
840 994
13 684
1349 317
1264 506
1009 603
34 513
348 1213
126 882
216 269
593 335
603 609
953 377
1466 587
435 763
1505 1450
472 193
251 1399
833 851
479 293
798 444
1106 1264
527 1474
298 533
503 253
417 50
153 604
1076 137
612 760
929 1302
48 72
938 894
701 5
1477 112
857 1408
307 272
182 164
580 24
486 1358
259 180
1363 1324
16 966
256 1092
93 336
1469 573
698 243
805 1104
1064 234
883 79
1323 104
21 749
269 873
964 200
25 1200
81 3
1284 1314
375 641
396 466
138 1283
1024 1201
741 541
24 81
529 940
680 991
865 1348
1057 71
737 619
753 1420
1119 1504
956 1301
1131 1192
96 1146
67 280
663 981
852 452
207 776
454 551
1073 1252
1454 872
1104 441
1557 144
43 225
248 1066
696 376
1012 982
792 721
374 199
462 652
945 618
315 810
1464 723
1370 502
1412 1216
1377 562
747 1097
89 1094
312 260
816 1385
1503 239
647 96
794 620
809 1120
183 730
524 839
845 308
714 537
60 1345
1378 678
681 860
436 416
782 544
655 299
489 148
1217 885
1409 1132
627 636
906 1483
700 1239
1020 832
1423 1004
866 203
1087 951
685 1426
1419 1305
271 586
474 796
1382 401
470 1086
1276 1337
73 1154
1381 1387
915 831
266 1225
717 142
1263 1234
742 1025
91 1388
1251 168
586 4
862 557
801 1002
118 1128
576 394
1113 358
403 13
727 509
955 999
994 563
571 1484
584 1499
777 1396
28 333
538 135
415 728
884 1281
169 694
282 1204
321 307
205 472
133 1217
767 32
1092 915
363 746
609 1431
632 464
340 1365
1149 879
1325 240
528 739
446 346
1499 1276
319 1133
1542 955
1462 1000
861 1256
116 188
1065 1407
270 1038
399 211
1395 565
32 525
1308 1486
1537 374
1100 680
722 1174
265 752
1282 398
530 129
1427 780
1303 567
128 1494
982 699
199 468
1483 1374
372 696
42 952
263 155
469 469
1336 1060
36 78
1281 864
943 1296
163 206
735 920
150 439
923 937
1249 1267
815 693
542 138
544 871
241 672
27 1149
371 708
760 406
1010 653
965 1441
1221 459
362 826
607 442
1164 185
1290 677
928 1238
193 964
1182 423
1148 969
1461 480
824 929
788 790
301 94
425 1340
1029 136
1095 1457
441 1176
181 1017
959 140
351 1040
1210 888
1050 1323
995 296
88 23
946 223
214 912
997 1354
925 554
9 1151
300 221
1473 902
1063 97
600 1147
388 31
1422 1469
161 903
103 1030
624 93
1137 1383
710 431
1286 679
1018 349
1463 1047
830 697
98 597
70 686
290 895
716 457
1455 734
1474 134
1458 475
1415 1243
1198 490
1405 1438
111 595
220 628
1450 103
1543 797
1017 77
1470 153
1246 593
1105 801
0 1100
200 941
1268 1055
361 1063
1468 347
1428 614
1442 862
440 931
1539 173
763 1423
1424 1126
1398 1117
1357 1351
195 1163
51 961
1421 368
1502 1233
1049 41
1279 191
162 1467
598 1448
1169 837
1262 946
1206 279
407 556
443 980
1090 974
1048 1255
31 673
978 403
1080 1404
962 1303
92 285
504 498
1083 1341
69 1118
900 1268
1091 412
1230 706
1326 1273
1480 575
896 1478
885 456
1495 268
370 1447
730 220
1116 355
12 39
970 1316
1490 743
1008 891
173 383
539 1228
551 10
1512 613
1496 1282
1516 914
1227 1240
1154 65
1245 1498
1457 170
947 247
927 1136
645 655
46 1031
823 66
654 422
914 68
1233 1288
196 643
639 758
1220 1241
1093 15
1114 1035
167 312
1355 745
134 624
1509 510
1342 514
1205 736
333 965
1548 1418
570 1344
1546 151
75 1248
505 503
1353 379
1242 1214
267 40
711 1292
275 361
781 1284
284 309
804 850
911 1269
630 817
499 1171
445 1164
1372 418
506 930
1043 1187
826 17
395 251
1265 1368
844 1095
723 527
676 683
49 146
276 1065
561 353
105 700
1528 395
1341 932
398 1433
1011 205
101 1434
670 446
1107 507
1402 1466
1178 1226
459 56
1144 348
211 884
1441 942
296 1082
1387 1300
1324 1460
482 549
311 687
980 847
507 543
1533 19
649 1371
963 18
433 1363
921 834
898 1058
1177 405
521 275
1127 1442
400 594
349 638
820 1124
608 435
1506 126
1240 1209
715 1107
76 589
690 890
950 1105
1501 1298
1165 125
599 407
235 713
492 857
1446 1112
369 1338
605 289
1299 568
1359 688
751 792
1089 861
667 266
648 328
152 107
653 108
1160 632
419 212
272 658
1078 1141
1418 1451
100 414
625 1495
1136 382
797 874
213 340
1162 263
620 1222
594 485
672 174
358 1487
1176 852
1399 542
1333 216
373 1237
249 143
1016 767
1522 1392
903 1
240 970
858 245
1316 302
180 913
26 535
525 232
120 976
1294 82
1179 48
1358 213
979 580
83 343
99 737
587 449
412 487
1126 141
291 182
346 0
643 1080
413 359
313 1079
304 460
704 433
1287 701
1175 1184
745 316
226 1003
1237 1393
796 536
17 1463
1059 731
365 887
285 785
957 1339
1051 189
550 254
726 775
583 202
604 1159
233 1026
201 278
1115 791
314 984
391 956
45 644
787 1444
1435 1223
910 866
335 210
217 64
509 1406
239 1476
78 462
832 330
1150 868
759 572
278 717
253 1045
397 1318
420 1169
814 833
424 101
142 640
192 584
30 853
1549 257
780 1309
769 1279
1260 1361
783 88
1317 1364
755 171
818 642
380 195
237 16
353 1218
1344 646
1243 854
807 1315
23 35
817 532
856 813
209 389
1172 998
1550 1021
187 910
166 1113
274 949
522 250
1052 648
976 399
555 25
942 365
508 89
557 761
646 1304
904 1134
671 74
352 256
1082 1207
579 342
1122 714
633 447
1352 1008
1032 901
286 190
1236 425
386 578
354 612
854 691
1142 283
1404 1435
640 1290
1292 318
61 1022
901 231
565 1294
1373 875
64 298
135 757
458 1183
387 1166
218 968
56 471
255 590
174 327
574 1485
113 1198
322 771
264 921
1033 288
1544 248
572 859
124 8
232 497
1278 581
556 975
117 1061
790 1259
926 352
1500 824
467 1491
442 1167
882 925
468 58
768 179
960 1081
596 76
789 1108
752 429
368 504
1408 369
10 1319
592 829
110 194
33 616
1129 756
1036 631
855 528
1000 606
65 1249
185 378
475 1461
223 20
242 1502
656 1489
770 419
305 271
405 539
427 1041
1118 281
924 1158
1132 550
1515 561
622 883
1031 1074
540 149
149 9
495 267
1396 707
868 1366
859 1033
293 668
283 1501
761 959
168 356
1166 798
494 217
949 1157
1155 295
880 989
733 725
29 1452
629 645
473 1046
484 704
1026 769
786 1049
795 869
879 99
151 574
243 1023
498 90
847 720
1555 122
85 1056
1306 1180
520 367
881 669
1259 1480
1443 1227
1135 953
55 1098
1180 950
1338 858
1297 1156
971 856
677 732
867 893
1472 508
1433 1332
944 1381
732 160
257 384
776 62
409 629
414 576
1168 1465
318 681
1030 598
1552 1321
1183 52
619 519
426 770
517 197
918 814
1174 132
1075 1111
1388 944
139 818
1216 1231
1002 823
225 622
1520 63
610 91
1508 698
1330 1439
1313 292
1134 386
54 434
578 639
1042 450
1145 764
784 924
337 992
90 461
922 1212
1383 396
920 591
1489 183
334 588
254 729
1003 300
897 453
934 1417
1254 786
1156 1253
1097 157
757 105
490 163
1250 230
568 26
1022 1492
1133 661
1437 1265
1414 1419
1191 102
402 766
1147 724
682 255
1448 1346
992 849
127 1160
177 1246
674 579
66 1173
500 1266
451 249
1384 1416
74 1009
1386 1289
1319 540
1046 1380
316 1455
940 427
1204 934
1013 1336
1385 408
1360 1016
3 297
1436 1424
1039 1059
208 120
837 1232
360 1353
545 372
429 718
819 488
1153 1505
705 169
406 1072
437 14
250 111
306 228
247 1137
416 1394
210 709
204 515
8 273
1001 1446
873 1088
1560 360
345 1153
295 75
1232 1091
1456 676
990 892
1447 608
1218 252
1186 43
1226 474
1224 1215
736 802
839 1186
628 481
461 1093
330 1261
974 916
1056 437
559 192
835 1459
281 880
159 454
985 1101
230 987
1120 53
895 958
1035 1148
1084 1449
791 848
385 1037
186 664
1027 1347
728 1178
344 783
699 1377
754 828
289 218
244 511
268 1052
907 571
554 1369
1322 962
1347 637
683 175
450 150
449 324
332 236
886 1432
203 1335
94 282
688 264
1337 1372
1285 417
799 1210
11 1327
675 1027
471 1260
637 426
172 1477
828 1359
706 1411
1413 1145
1541 1244
1081 972
1270 1143
148 351
1429 371
339 409
887 1453
590 531
846 67
1401 1350
1400 259
891 793
323 152
613 803
1513 926
308 246
1094 345
569 341
279 1285
1329 626
1307 1488
481 1127
1014 69
778 1131
889 277
1304 835
1 313
806 158
908 165
764 922
455 523
364 877
1077 1405
102 838
179 1001
771 1390
890 1135
189 215
157 1456
876 1413
713 117
302 477
810 338
19 1458
1556 178
108 577
756 1011
1069 486
1060 1278
892 448
779 1360
299 49
1376 237
325 1391
523 86
1109 70
431 1247
1256 294
811 601
1365 822
703 741
993 494
41 759
615 911
194 262
564 106
104 617
77 667
1054 582
1430 512
452 623
1343 284
651 649
82 933
109 492
6 765
758 674
1291 306
63 357
998 166
1025 110
1498 1109
1088 923
188 518
5 1208
1280 993
1293 1398
439 184
1188 1043
766 156
707 57
1201 1070
198 559
1158 1376
616 1114
39 1096
566 443
1444 1057
68 85
1234 1084
562 1179
983 400
1028 1436
401 1317
834 742
665 553
1449 1326
1272 889
171 201
389 121
1445 517
184 900
1195 1139
44 95
260 733
47 740
614 1181
937 339
1267 520
958 1073
1375 1257
381 1032
20 413
1397 690
1034 811
913 855
1238 705
1214 244
178 787
981 1034
641 493
1321 665
1253 172
720 320
601 1175
743 1170
694 960
1406 1064
1348 482
1102 722
1211 83
1482 1019
1074 726
1487 841
1215 788
122 997
1453 804
991 1280
1440 1493
465 936
1275 115
156 1356
951 845
1431 650
288 385
1212 1462
1364 404
863 1245
434 479
936 716
115 370
841 30
1248 505
829 214
404 905
176 1044
975 392
234 1482
729 363
773 440
567 1409
1124 863
977 560
170 438
277 44
258 983
1189 1140
808 928
588 666
673 162
1194 329
393 314
827 92
948 1367
480 100
1484 1322
802 1251
1389 55
1367 986
1478 424
1103 827
1229 1496
215 227
228 1490
418 334
129 1119
350 1190
853 1349
1041 670
1277 1415
931 1188
1208 957
1045 1067
1170 979
227 660
695 167
144 1115
966 1312
575 301
79 570
510 1075
1108 1121
1521 47
1332 1308
1351 516
303 226
378 899
132 38
1258 1503
38 1373
1037 904
1101 113
1432 1331
1488 967
519 611
602 1062
1185 657
1371 51
697 1177
1163 1299
1181 198
292 945
453 476
