6822 4562
8214 7568
8858 8079
3750 2857
8159 8567
1314 8285
8164 8948
7528 7542
9063 7503
5785 2283
9065 8869
5285 933
4151 9457
4176 6537
5389 701
3918 7317
8175 8717
9558 5984
7191 6161
6147 8711
3589 4346
8756 7976
2853 1460
8361 5404
8035 7986
2913 1221
476 1613
3461 2834
4709 4263
3950 580
5901 9086
6685 2590
3387 5919
9919 9291
1195 4959
5020 2244
5465 354
1074 7860
793 5403
6375 2411
2731 2997
7252 4944
2847 4550
5321 3084
8267 6216
4376 6658
7856 8876
5019 2124
4093 3659
2962 8475
5216 8602
8193 8332
1879 4143
8930 744
9255 7007
5560 6414
7540 3347
6515 6888
9708 7621
6045 8895
6090 5822
7336 6779
545 1094
2467 2186
7886 6209
1372 5077
1293 9289
6523 6250
3325 5975
318 2644
2376 1869
2129 7176
9536 6962
3210 6476
6294 1220
4385 2778
7442 6738
3725 1395
3981 5239
3616 386
772 783
21 6543
6635 7743
8918 5313
3512 5327
3152 2148
2761 5395
8624 8762
8183 9459
5408 3844
2972 7714
3748 8628
4065 8468
3811 8019
4374 2583
2160 6642
5021 8890
6498 7498
7523 1100
5229 5751
3394 6308
7801 3919
5963 6956
2572 7352
3721 2004
7747 5443
1882 5783
5859 819
9449 8928
9722 8944
3263 5761
9362 1842
2479 6542
3849 6720
6191 9213
6383 5086
5296 603
1971 5175
4453 5622
4666 6496
4685 691
31 4004
8857 1433
7006 8370
4486 489
7656 9027
6286 8902
3640 8692
6089 4801
8256 6804
93 6759
6737 1369
9550 6850
4832 9542
7814 7309
6938 2099
4159 2096
9969 4794
7292 8155
8107 8463
6117 3302
7444 9296
4704 9429
7854 8273
7349 9073
7982 8428
4776 5136
8253 8372
9527 7044
2653 6102
1701 5772
3012 5511
7139 6559
6499 4624
7314 1783
8374 9164
8634 4955
7724 5896
9445 8593
19 3660
7158 6580
6461 4854
4233 2361
6209 5520
5960 4644
9933 6088
4099 2225
7147 5278
8454 3628
5062 3432
7154 2655
7611 2139
7653 6865
1488 2430
1495 4337
8010 8496
5969 2490
6248 5153
6577 1965
8755 761
5439 2054
4868 3400
9193 8456
3338 1304
2587 7640
9393 7242
9308 3377
2049 3534
1683 6787
2712 849
9260 4216
3591 6464
2742 4796
4138 2324
8869 9303
1478 8052
1583 7413
7173 3278
4812 3720
7358 7324
1176 1998
8379 6897
3280 3043
148 4438
4844 8884
7190 2083
9014 8132
1448 4732
7307 8181
3824 5790
9459 7590
6080 7240
4262 5287
5334 4856
5059 4961
1722 2094
9296 7617
6266 6651
410 6408
1022 4100
9375 6868
9542 6126
8039 4422
4311 9020
5392 4289
3240 8722
8764 7037
7177 3003
3600 8930
8861 6545
6624 7098
2349 4389
2515 9433
5641 8835
4701 8446
6909 4962
10066 9141
6384 5649
4577 5055
4183 117
2686 7026
5450 5469
3339 9175
9235 2971
8307 9169
9554 8115
1297 645
3724 4013
6721 8078
7445 1434
2185 1925
3713 9377
7794 5720
4258 5853
3921 7141
2382 3675
3647 8110
7650 494
8419 9537
8114 4880
5320 6994
8771 7659
4662 8080
4766 994
4437 8600
2289 7275
1720 2048
7255 9322
9148 4558
3610 7638
8160 6099
6638 3956
10044 9168
1659 8366
5548 9023
5007 4477
8131 2497
4955 9558
9748 7541
8590 7350
7834 7463
5565 948
2093 4895
1564 8663
6990 6369
8729 8764
5828 2397
9644 7182
55 4954
2634 8937
6104 2518
2619 7328
2429 5972
7405 8407
5884 1317
3132 2745
247 1207
9737 5499
2987 5602
2034 7157
6400 989
4126 5288
5037 6772
5327 1901
4227 6302
2582 366
4752 8147
6372 9450
9256 4364
5721 7000
9447 1528
8480 9440
9989 8793
3847 4211
4824 9183
3584 2251
1008 2814
8698 8263
9505 5620
2244 5485
6529 2332
254 7557
7502 5048
9580 2559
7424 3459
1599 6462
7795 1015
8674 8440
8371 4750
8103 934
4368 4276
8894 2816
6271 2254
7946 3409
9949 8931
8328 7029
4060 8381
2308 4417
1161 1273
1802 5767
7361 3141
3927 5382
214 2923
6030 8449
7524 5566
1598 7325
3408 5721
5013 6501
3893 8213
8646 5464
7752 5736
6058 4701
2452 6228
6287 6043
8816 2532
8075 3164
2894 6796
1758 2759
3096 9443
7845 6231
2189 7134
3641 6306
7430 8095
9436 4420
6463 9395
7714 1062
6411 3219
9055 3603
8235 689
6177 6013
9616 9161
9901 7815
2819 2801
2350 7166
4693 5642
7235 8178
9548 9464
7085 2118
8762 8068
9629 1205
6315 1165
7867 7666
8445 5037
4983 5095
9446 8086
7321 2067
5375 6939
6528 5110
4770 4326
8018 8403
8488 7439
9609 5831
4720 5402
1102 7871
4524 4723
9062 8728
6769 5068
2705 7204
7702 682
3704 686
8793 6734
9279 4015
6816 9400
4350 1819
4665 653
2565 4468
9470 4221
2338 1007
5810 5671
2383 3359
632 4247
630 8476
6730 5733
9164 6490
6670 4605
5233 5768
9364 9370
5910 958
1884 3671
4297 892
4525 7585
5571 977
1904 1726
6803 3031
6820 5738
1920 7380
3941 9331
6522 7022
5478 2676
1309 2300
5568 2387
3125 904
7926 5228
7668 4668
3073 3942
2089 244
6791 1417
2094 5898
7685 7979
1231 8880
5610 5030
6520 111
8856 5358
2797 7748
9727 8786
8855 7881
9761 3480
524 2129
3837 2887
5420 6085
6114 9428
5038 3332
2014 5963
9597 9114
5841 2371
5501 2388
9595 9100
1340 8906
1094 2550
4801 6845
1432 3957
8021 8998
6381 8985
4520 5300
1302 3632
1485 1368
83 4136
7788 5718
4566 5131
9692 7731
8560 7706
3366 2414
2012 1795
9808 8565
9880 7045
8573 3637
820 1540
4165 1127
10055 7931
7192 7927
8838 4513
9214 6412
2526 4257
8745 992
3101 6726
4255 7800
2280 7988
2888 1312
7625 7246
7786 7869
5126 9336
2112 3293
7197 5202
4510 7432
2750 2698
2139 38
4619 5075
8005 9313
2162 6367
5172 4290
5490 9549
8545 7722
2086 4569
4717 6245
10008 5355
4514 5573
6032 3500
4181 5213
3201 9061
6174 8487
5706 8321
1275 3798
5873 2596
6648 8855
5082 6162
8998 6576
3922 2758
5186 9003
5086 3030
9092 5156
8178 5840
639 1774
3857 6603
6439 3661
3183 309
6691 1796
8279 8994
3602 8250
5784 6568
4296 6531
4831 136
5305 6920
2813 8561
710 7470
7160 3153
7693 3615
7050 5852
5301 2940
5914 1581
6335 4127
8487 3494
9209 8761
3233 5272
3878 7271
4877 4511
9854 6795
642 1763
3997 3106
4748 5143
5290 8180
8341 7632
8827 6634
4836 1177
119 3745
2299 2256
8441 2384
2295 8421
7363 7784
3555 8824
5871 6851
1794 2645
10071 5289
5739 2255
8231 5043
2107 8856
9599 7446
8367 7149
4411 4354
7473 3835
6100 9047
9755 3397
5272 9034
4216 4721
5601 7329
4196 1567
3129 5178
6632 6432
80 8413
3510 8083
6883 7060
1562 2507
8266 106
10004 9343
3528 2128
8483 7538
6818 6581
4979 9131
8470 6328
7479 2435
4451 4658
9221 9524
1447 3376
387 2773
4193 3849
7116 3707
4265 5723
2648 6548
4778 7272
1728 4351
6761 160
1914 61
4506 1895
6943 8868
7815 1129
3513 7821
8982 8097
2110 7978
3655 2479
8327 7673
4236 9104
4827 6709
5462 7465
7073 5553
4762 7843
9124 9404
1228 5953
5457 6171
4149 2193
5831 5084
8656 2967
3033 2543
8534 5957
9482 5056
1496 1031
8653 1198
9366 5712
6553 1483
5606 7198
9975 2674
5270 4709
5716 4602
4260 8008
10031 6267
5184 8216
7121 4702
4081 2736
1867 4369
9037 8373
9893 9556
7504 9057
3432 3281
6900 1953
4916 4333
7559 1605
8524 8185
3485 339
5335 6163
2856 7985
8318 7894
7532 3746
8589 4165
2830 4449
5848 7116
8181 9106
9749 1779
4448 4182
3666 2126
245 1674
6953 4232
7797 9499
1031 1750
8368 5199
9519 7779
6014 7849
3382 6186
1458 9083
5378 4401
5207 3100
4942 7966
302 1834
6228 8447
764 5641
6318 1459
5833 766
1840 1569
8901 2673
4326 3542
4342 3117
3384 5367
8938 7586
4358 3624
5176 785
9769 4011
8769 5477
7853 7907
5094 987
2394 3683
4095 7170
3341 2717
3622 7144
7172 6879
2854 4119
7417 4061
9968 9305
2337 4461
9994 6253
984 7164
5083 1906
2628 8808
803 5998
6121 5308
5843 8167
316 59
2529 7024
6370 8700
6916 4189
8640 7613
6357 6703
2214 5858
4226 4327
7986 7789
8519 7057
5630 6224
9038 8806
648 5242
5747 3662
3235 7560
8234 8271
5775 2605
8785 3227
1256 1623
6336 8522
6275 5611
4249 8840
2765 2581
6412 2872
4974 7202
3803 4527
4833 3246
337 2416
7618 8232
3470 8394
1815 7599
8135 9006
9869 8727
3652 1136
2781 4700
6349 7223
5348 719
5749 6990
322 3536
5788 9366
9606 6202
3611 3169
1089 5001
8249 7304
4962 7730
5556 1388
2827 864
7503 6277
1040 2643
7117 9298
6584 4504
9954 3475
3776 4926
5829 8437
3578 8223
5737 2999
2336 4183
1265 8222
5988 5229
7531 3606
7400 4028
5211 8286
5545 4692
7256 7790
8873 8569
9329 7737
4823 3692
9691 8630
3524 2693
1561 6590
2969 2836
82 2201
9916 8272
2505 6740
6736 202
878 5548
2263 1353
8568 3847
5426 6411
3508 1223
1779 8548
5912 82
2229 8682
8743 5652
8292 2692
5865 7370
4713 2271
5097 5584
8051 1879
9266 4481
4432 4335
9302 7922
5991 4496
1891 834
6329 3666
2456 2749
9486 1820
8673 8020
8606 9494
9240 6467
7688 8988
3151 1743
9728 1630
6437 2812
7944 6789
4019 711
2147 5456
4239 7371
2733 4722
4001 5930
4956 6778
9464 8179
4781 8963
5076 5524
7174 7801
4109 1526
7872 3208
6289 7770
7601 7173
7824 8862
251 6025
9839 1911
8853 9163
4695 362
2675 8887
1704 3285
9478 6121
7777 9521
6 9121
9686 461
6903 3033
7129 9071
5635 2111
5689 4574
3910 6983
9392 6717
6623 8172
2511 3024
7220 5661
7072 9525
1929 546
4054 7677
6936 9561
3762 1979
2276 5362
4562 1657
1527 2467
9895 3410
6781 7658
5661 8276
6150 6616
6787 7614
2521 1041
550 6852
8652 5995
2190 9214
8710 6882
4910 900
9441 6514
7905 1288
6071 6915
6346 8359
6562 3267
5937 8471
5583 2403
9892 4349
8913 5690
4623 2682
6479 1617
5095 7733
8448 6735
4244 5105
2441 7684
3036 8976
8709 6904
4734 8041
1530 654
2309 7897
8629 7755
9809 5165
5259 1028
3149 8538
7737 5837
9087 6176
7746 9192
7548 6516
7628 3522
8715 9424
3021 4278
2836 5302
8294 330
7631 1429
5274 9111
4517 4193
2542 5554
2921 4693
4128 4234
3195 6191
7298 8734
2342 734
417 9509
605 811
3880 4385
4194 1458
2838 4108
2538 3159
9297 2344
8783 5439
3660 2320
5756 5396
4606 5117
9020 2073
8733 8183
9289 2984
2393 6488
1103 7502
1001 4118
2808 3044
8123 3052
1007 4837
8774 8637
6077 6593
5041 5150
10063 6549
4898 4635
816 2226
1271 8376
4680 1580
4373 852
8604 3165
6536 5350
9217 6357
5199 4777
6333 3239
9744 2949
780 3960
6179 7474
7159 4648
8339 5989
5419 6958
2661 2037
5594 6633
9091 8795
9247 5708
6772 7307
8645 8474
7204 7344
3722 8500
8513 6120
8516 7054
8872 2770
6302 7132
1426 2188
8155 8819
4191 7915
656 8965
3872 7121
3760 5533
2323 4250
3962 7249
5907 2918
6502 1164
7804 3856
2241 200
5034 2350
6012 5501
8580 593
454 6456
10075 6588
484 6663
2940 6427
9704 3277
10 3868
7701 6170
3421 3470
6724 4228
6263 1827
3229 9427
7051 6348
5723 3439
2047 8203
8833 9067
2239 5233
6109 3099
7684 8082
2767 2272
5370 2671
8417 9196
2033 6801
9166 5428
8246 7724
3615 8406
4549 4081
4772 8073
7171 1555
5035 790
7572 8154
7034 1721
4345 6504
9553 8065
4705 3961
4430 4532
4906 6032
7527 1170
2197 1102
9402 7409
3241 4772
5745 7949
1641 8120
5262 5026
5722 6596
6841 5074
4780 610
3075 8920
7189 7863
1841 4824
9339 9508
8794 1523
7475 2927
8813 7405
3429 156
6814 8670
4419 2323
5087 9318
7652 6154
1390 5849
6888 6243
3683 4769
8299 6893
126 9327
2555 2840
998 128
7188 7777
5517 7053
9917 8350
5815 3344
8056 8820
6930 7742
9852 1969
1880 360
6410 4657
6119 5644
4493 6790
5812 3442
7242 6360
9504 8570
4397 2253
9314 5310
8485 9239
4875 3916
9184 4932
2954 443
3044 1188
3818 8329
9673 6942
1449 2399
6258 3799
4215 6632
2341 7148
6356 9110
8196 7723
8520 6119
1878 8925
7193 5910
1592 2740
6267 9407
880 8560
5525 7052
3164 8259
5201 5423
4272 7692
7435 2600
7308 4058
2549 5000
9130 8629
6065 4154
7089 4867
4005 4576
8577 6281
677 2735
4724 511
3359 3342
6035 6662
4232 2914
5801 3940
9391 3181
8285 7292
2143 7137
1221 4207
4692 4621
8996 7322
7821 2565
976 4585
9759 7885
3727 2547
6466 2104
2254 9396
2113 5006
6758 39
6189 8638
7699 7615
5273 5258
1387 1506
7035 6471
2451 6862
5647 7876
901 1334
5581 498
6059 4089
3081 4225
5249 3380
6055 5069
8096 7424
1370 5599
6043 4022
8147 6993
5136 175
7114 5374
2544 6054
2999 6523
8962 7911
6600 1053
8052 7285
7419 1791
9123 6973
6914 6698
9621 9475
6858 5214
6033 8725
5330 1825
424 9468
8600 7507
1768 8415
2428 2322
9627 5108
5499 6210
9783 9242
1156 6060
1923 321
7901 3170
5234 5851
9831 58
9690 6954
8277 2808
4404 3037
6748 4381
4382 9555
39 5294
3526 5050
1144 6264
8700 6338
8255 8696
6746 5021
10032 6418
4988 6836
8500 4707
2876 1550
9089 7080
407 3809
2402 2065
1661 1117
7086 4806
913 484
8951 3813
5546 611
5431 8652
9000 1760
2487 8666
7969 4275
1655 3096
4602 9024
3187 5624
7213 8504
4621 1511
2240 669
4922 3250
9084 4886
8090 7189
1219 1499
5819 9418
5045 433
7819 9251
46 6910
9631 1672
6843 4939
3430 1915
4769 3600
1842 5191
3247 2892
7267 6550
9263 7415
2212 8660
6539 6201
4683 2404
6663 4110
8750 8102
8229 2493
9411 5639
2567 7923
1361 5483
2880 5393
5494 1631
8042 3685
341 7452
56 7429
2273 2171
1504 1977
8949 1624
3083 6086
1892 4989
6000 4423
1418 5480
4020 7131
8567 5502
3048 238
6837 5270
3468 4291
3933 4766
7518 2415
6193 8374
4585 6393
8637 7228
4393 999
9521 2336
7806 7600
8707 5448
6957 8064
2395 2897
4929 2903
146 1886
7247 463
2400 4403
6935 8384
6350 9532
6161 2564
3444 7650
6518 7935
7715 8879
6979 7288
8226 9403
3846 7838
6288 3727
6752 5594
7045 7910
5939 5160
9743 7251
6800 6687
4601 8689
2875 3852
8654 6835
8008 8152
9778 4781
6325 8574
7669 7709
4359 2375
8595 3588
9682 7394
2857 2560
3478 1875
4367 3517
6304 1411
4607 1859
6969 3198
1201 8614
6262 3569
2575 36
2744 1182
3416 9210
3969 1135
9351 6861
7109 6841
4743 2802
7961 1017
1129 7301
9145 7612
4413 4157
9674 1374
7486 1926
2148 5462
9587 2767
1280 6297
929 8525
2333 6880
8603 8627
5956 9553
3784 6251
8723 6722
1654 1400
624 974
6731 1295
6991 8905
405 9297
4018 1345
2849 1728
9481 4625
5776 5942
4592 4097
5144 2147
2224 9500
4728 9551
8014 6510
4915 6354
1991 5394
5047 9120
9283 6330
5758 9461
3028 3506
1797 6881
1563 8438
5316 3079
7246 625
8790 3066
654 9520
8666 7682
2608 1156
5718 739
9661 6093
6970 2702
2292 4128
9804 6347
7871 4208
6229 3370
900 1202
7144 5701
2475 2217
4975 3709
9797 7855
1392 3586
558 8661
6485 3981
9736 8444
9776 5316
5333 7438
4819 9480
7606 3139
9961 7105
1547 3758
338 5335
9923 3006
4902 4361
4160 5557
8063 3853
6547 6844
4094 6857
8338 6143
9313 9465
4500 6078
4765 6212
5671 4876
1773 1124
7021 7469
8015 2928
9962 8562
6031 8936
9159 6782
9683 8678
6671 6577
2318 7092
6702 4540
6171 6165
1177 3820
6959 1338
5980 6404
3381 4102
9619 795
1320 6112
8927 6855
5537 167
9576 9543
7320 5211
8055 6484
8542 7753
10078 6799
8717 5691
7565 3399
4971 6699
6924 455
7759 9165
1333 780
7209 586
768 3597
4275 4084
2486 6447
5185 5179
5543 6911
6175 2034
8317 6140
4556 2178
9560 9373
847 6271
41 9229
4750 9137
5648 1496
8574 8943
5492 6268
9408 7318
2133 5695
3284 4298
6094 7824
3706 1358
7734 3518
2745 7305
1259 6812
9353 6666
10081 5615
8841 9332
3694 947
6885 8657
4928 2932
6490 8763
884 5948
7710 6964
5432 4501
9572 4815
8171 8774
8548 8289
8836 7933
2131 4681
365 8439
7508 293
7646 6445
8289 7456
2225 1712
4991 4393
8170 7588
7216 8485
7372 2870
6092 6502
3980 1174
8758 4399
4349 6275
9865 7850
4103 3229
8716 7165
6830 7578
9275 5422
8648 2033
5626 1116
2763 4891
5656 6854
4491 1211
9106 7063
9836 7669
4433 9478
1839 1139
2935 8214
1807 3130
4807 7889
2430 3446
5591 9208
10048 8772
5337 5282
619 7043
6021 8351
1328 2380
5493 9170
6840 7192
6715 7038
842 9544
9887 4394
9163 6047
4953 4138
7415 3577
2041 8225
7666 9419
4267 3839
7393 9028
4424 6907
5040 2641
10010 9575
4936 6838
5119 5673
9770 3639
1858 2214
7033 4943
1652 1622
959 3339
5113 7782
149 6820
1859 3904
9858 8066
3979 1173
3850 2463
434 8687
5251 7453
7409 6727
3742 8128
9016 2298
3924 2182
3335 6283
9456 5965
6476 8072
5281 4280
1612 1113
8129 1803
595 9051
8877 9127
1292 1383
7993 8371
7831 6082
2026 6100
2717 9274
9435 9090
4657 6846
9360 8418
5298 8969
9747 9234
10056 5633
6744 1816
9042 8499
1717 4348
1763 6151
8945 4066
8410 4308
3006 7013
6932 9384
8330 6300
3169 6916
8041 6708
2005 4086
8910 772
8340 5944
4391 3216
8887 6133
300 5650
7619 1705
3194 8807
7537 2038
4676 4789
3599 813
5559 8719
7066 4295
6212 605
7573 3265
6709 6305
3844 7670
5877 3109
4068 1959
4199 5338
3939 3319
3958 2677
4314 7475
8724 2621
1724 3045
5472 6601
5879 6757
7306 4101
4904 5862
6907 3497
2924 5490
9738 2991
3318 4616
4660 5890
8383 3840
5500 2973
2031 2474
5386 338
9380 8726
3831 6261
3171 3704
5520 7159
4729 748
9203 9044
2391 7772
2483 2647
4976 5600
9442 8411
1710 124
9003 2117
3529 8457
8140 7732
4718 912
8919 8554
6579 6355
5071 5126
4499 7929
7446 6806
1081 7274
4442 3329
61 2041
8199 8432
206 6249
3543 877
3198 3549
7717 7593
6580 5222
7649 6215
6662 7517
9274 8192
5064 2956
3045 2545
898 357
8643 8033
3632 7680
4830 6966
8633 1079
8067 5567
4125 4314
4010 7046
9864 2433
1360 3582
1635 4983
6434 7558
7594 6951
1477 5170
3442 7435
7062 4767
4798 6745
5181 9321
8265 6903
2024 7372
4012 3177
1947 7491
5727 8054
7918 6130
5391 8470
8824 9219
9905 5514
3305 5836
7547 9329
6919 6519
7881 6217
4439 4331
8576 9074
317 2168
1575 3831
4873 7734
6405 2917
9689 8519
5878 8800
4688 3825
2069 2852
8669 1522
3086 2904
7064 5857
7772 7505
1327 8158
1050 3780
7799 8461
8425 7862
8353 5999
3770 2931
7569 3636
6198 416
7764 9264
7790 500
17 5283
4528 4334
4164 3129
7655 7834
1906 4972
7949 677
5398 1092
3460 6089
3414 3972
566 7151
3277 3104
2040 8801
5488 9507
9228 1535
2932 2724
4240 7519
1837 6435
7263 6272
3819 6605
9924 6177
7988 1872
6538 8196
5710 3441
8602 8441
2998 4577
2657 1038
992 9526
4383 1936
8810 9414
182 7195
3913 6285
3916 6098
6449 3017
4777 4885
2800 3501
9511 2886
8571 3286
4324 5468
1716 3396
8818 8745
1755 1058
4551 3201
2516 3816
5809 8057
5713 4402
8914 9177
7644 7506
3944 6948
2938 271
5670 4757
4905 5398
5475 5274
2833 4045
6327 9487
6054 2488
2843 7358
8932 4727
5613 1037
1341 1259
5507 5657
8978 4835
3121 7663
7199 3133
7408 9263
5191 9527
5951 1529
3224 1044
2057 8999
4854 676
9802 521
9288 4516
2136 3422
1615 2554
7095 6815
7448 4617
2823 3001
9516 2805
3636 2960
2795 6286
486 1645
6140 4649
560 6131
2282 663
8046 8821
8192 6968
2126 3346
7096 2406
7604 5137
7107 7086
2615 400
9746 8891
3104 8915
9398 5839
10033 7719
9967 2789
9645 9397
1281 2648
5075 2615
9222 8995
6341 1327
3401 7472
4062 2603
4866 7523
7513 344
1703 8595
7887 6481
6925 2408
9290 3833
3501 7374
7587 7944
7036 3891
3753 1290
4584 5353
6087 800
3550 4916
9356 2784
3365 1552
6865 1708
1960 5538
8037 3310
9361 5764
862 6774
51 7918
6057 1261
7562 9058
2554 5717
8086 8964
1515 2500
8102 5935
2676 1153
5149 5145
8203 8783
7783 592
7771 464
4855 2427
8635 4115
4162 6208
698 4404
5373 4855
6680 2551
7215 3292
9941 1860
7432 7247
8875 4586
6421 1465
8575 2428
4405 8103
8525 5512
9987 8007
7437 7497
3162 5379
5347 5129
9195 6972
3105 6147
8144 773
8054 7379
2904 8030
3561 6024
4678 796
9160 2884
4150 6065
1984 2164
9059 7565
8681 7286
4259 1687
7353 6385
4056 8547
2971 5749
8569 1651
7165 7665
4154 5949
4557 9097
6061 4264
2058 703
4547 8516
9460 8784
7671 8018
7600 4763
6440 8940
9775 8923
808 5189
4863 4489
5604 301
1046 3641
3864 1399
6162 5389
967 4198
7541 8748
8125 7087
2670 4546
690 6309
4965 4688
4681 3999
6362 8356
3601 6940
6205 2659
3088 2434
6674 6090
5900 7893
8098 6440
8343 9360
3278 9448
2332 7982
6448 7064
246 3841
6053 6700
9029 8833
7838 3335
9791 6449
4960 2769
6783 7160
6188 385
5024 2002
8693 341
4131 3041
1619 3394
6901 9380
3457 3971
4790 9456
7031 3680
9399 9132
1287 4299
9177 3969
9198 3926
4580 5906
4271 6284
5390 9280
608 2738
1104 9470
2559 3412
1398 6195
1828 2025
9035 1112
3451 3681
2639 1169
9031 7099
7461 8541
9700 9064
7426 1186
8310 7259
6895 7331
9879 5934
8705 1060
5282 6020
7447 5543
5686 661
6729 4245
7810 2946
1307 4823
2794 7804
675 6009
2387 6546
3965 1243
3686 6535
5312 3436
7382 3009
7339 5881
5906 3154
7481 2203
8515 7215
8001 3967
8377 3086
4277 8782
6506 6831
9605 6876
3141 6044
4363 413
8151 5208
3874 3695
4338 6512
85 6430
2059 4197
4137 5700
8846 9105
2152 2915
3473 5391
6462 2743
756 3920
3825 7688
5598 6564
7875 1856
200 6825
1180 5531
5189 5333
1651 6582
7855 183
5997 9068
8215 8707
2377 8166
3369 3824
6319 518
6757 13
4544 5951
9849 9255
2075 3594
1942 4215
1718 5472
8336 8751
8667 2308
9655 3905
8852 9115
2861 8694
7917 8126
7876 9001
694 5515
8678 713
4435 2844
3865 1680
7280 6595
5443 7335
8511 1821
1296 3513
6226 6998
6220 7033
8093 1441
3486 9435
9074 5455
6339 3998
2918 3430
4189 4907
6132 7381
2237 89
2195 116
1510 3512
9638 8455
2421 8599
4214 8744
5847 5435
3835 6967
3402 6565
5832 9273
4468 1761
4609 5882
7397 1564
6599 8865
492 1562
9426 8575
1976 1929
6859 9166
5922 6236
3150 3566
5287 6444
4645 1297
9723 8236
4907 3590
1119 3762
6452 1688
7891 5582
8099 4293
6836 633
5653 921
7763 794
5302 9401
7860 8798
8929 8676
6613 8112
4335 7031
9136 8484
5856 804
6637 6214
7332 2331
7369 6144
5603 2771
9211 5141
4555 2739
6540 6158
7955 8186
6799 146
416 9546
8695 8355
1353 5424
7943 8954
1011 5412
3422 2242
8244 5925
8416 2558
8821 3785
7686 3297
8835 4512
5897 4747
6086 5715
9670 6906
3881 8489
7511 5159
1525 4462
2204 5817
10093 9148
4133 8354
5690 6083
198 5163
7728 6886
8997 5873
5134 3150
9846 2986
5177 4593
6561 1527
6040 4998
5241 9190
5695 8654
4390 4519
6224 3279
9068 6255
8156 4994
9977 9386
2606 2907
5271 1881
6811 3872
1263 1994
8684 6723
5278 5138
10079 8100
5016 2718
8941 4132
2150 475
9186 7595
2839 3255
5470 78
5790 4565
6535 2291
3261 6376
5084 3562
7563 7291
7730 6552
5743 1597
8044 2747
5725 4940
9813 6459
6593 5834
7212 5607
6072 1123
3656 8056
8802 4185
652 6952
3984 158
2688 5888
7271 8098
8608 8610
6049 4811
5303 5746
9972 7255
3134 7708
7561 6599
4815 1047
9330 7203
8219 8274
5786 2170
931 6015
4362 5057
9647 8693
5895 2131
1224 925
2968 5035
4431 4336
2620 8143
6103 4878
1576 8839
7411 8150
6595 7268
2412 6036
7907 539
9418 6609
1567 7887
5978 6839
9058 6115
7112 6038
7930 6316
5965 3986
6873 7226
5760 8164
749 7094
10082 7559
1616 2478
2914 6466
7153 3318
6388 693
2602 1494
6497 306
5886 324
8462 3734
829 4325
8276 7262
2581 8244
6940 2893
6878 9052
4057 6563
9331 9535
4501 6680
875 8542
9200 7136
8282 1748
7111 553
10051 5241
2848 4243
5698 3254
9422 7636
502 589
8398 9007
6025 7750
1348 2864
9756 6540
488 3724
2044 1737
6363 8582
5387 2912
2119 5603
5160 4745
5766 8177
6789 4599
8649 6924
9942 6803
6484 3228
7927 2101
8194 6771
4913 1888
9878 5474
7487 4103
5174 1040
7811 482
3459 3644
3246 8309
8578 8025
8321 7123
2810 5298
4884 9059
8694 4242
4797 8189
3061 6141
9593 7106
7791 5905
7977 8509
3531 3180
8842 2961
4270 6137
9734 3027
5838 7971
5948 7244
3342 3913
1756 2910
6762 3890
5587 6560
7249 5256
6432 5407
7489 8733
4343 5917
6075 7403
4567 5498
499 2024
7859 5022
5874 6114
6646 471
3042 1105
2070 1518
3144 9496
1461 1024
8237 7369
8254 871
2946 8188
8850 6689
5292 2473
3619 3629
8305 9391
5524 6495
9141 8556
5022 7512
8660 1830
7186 6606
6864 6152
7535 9410
2958 5154
5418 4581
8981 6767
7863 2575
0 5841
5973 7062
6488 3975
6658 7904
877 8922
6676 7319
2016 2777
8757 7128
4257 3721
1211 3551
4737 7955
9347 8424
7939 4014
7248 6867
4539 9348
9914 7570
8061 7886
6111 4158
9171 4057
3657 6155
8323 9277
6231 4445
5255 6570
6725 7171
7132 8168
5844 4557
9206 8770
9129 7345
3078 936
6153 6971
6420 1604
7104 5155
3681 8555
9496 8634
267 2622
906 1849
3968 5234
6018 5616
5295 7760
6989 7851
6839 4199
9931 8296
6338 6108
5675 329
8355 8983
8888 5897
8311 8584
10050 8845
8862 7284
995 235
5872 4663
5005 4857
4655 6675
5365 7759
2534 6686
7888 3123
5263 8597
9925 1818
3794 1970
10049 6847
4201 1829
2899 2161
3124 8767
7032 2334
4700 1577
5483 2444
141 8738
6921 1214
6849 5016
5881 3171
6524 3004
8892 5884
3562 7504
4533 4355
9167 7908
732 8412
958 649
8375 7812
3039 7745
9280 8987
4994 3263
6776 7356
9007 2744
3999 7388
6478 3477
4857 6242
6928 8731
4796 7219
5757 6122
9628 9411
2061 7938
2079 3776
5510 9560
9707 5994
7328 3010
908 408
5850 4996
7300 7339
3752 5809
8463 421
9075 6957
682 5735
5777 8979
6382 6544
6534 8941
1181 7833
9735 5868
7841 1228
6832 2803
5165 5121
8920 6557
9277 7110
1748 9215
4687 1704
7837 6193
8139 3875
8956 6478
4022 8543
2077 9174
2340 7905
5173 650
7478 3564
5416 5097
3027 5537
3629 1556
6145 8353
936 397
7691 4544
362 1155
6665 5413
7593 8886
2373 9337
8350 7629
7579 4227
5433 4537
6380 3186
7330 6150
5820 4177
10077 9466
7456 2195
8900 4545
7260 6731
3428 5113
3993 5952
7515 2948
5209 2453
6747 6532
6609 5597
7074 7937
4472 6817
9086 2569
2360 6378
3041 632
9078 5939
7344 1679
1027 5359
1049 4467
4859 2909
4229 1063
2737 8517
7071 5555
4679 6753
2784 9017
7059 4352
7976 3126
7027 9266
6610 4144
7123 9310
8706 4248
2872 8026
9096 9173
2685 3620
4563 6949
6005 8317
2122 4915
7599 3643
4845 2839
2238 5101
1239 827
9220 9455
5732 6749
6487 3290
3420 4038
5141 2950
9269 1394
6358 6960
3982 8966
6677 5195
5857 7250
7551 4970
4101 2464
2053 6035
3174 1464
7007 5962
5813 3343
8662 6887
8122 9082
6933 5754
9563 8140
7168 5771
8851 6751
5719 3311
9381 7486
9577 9314
8186 5997
8807 9128
4445 6653
7055 5974
4242 5535
7789 6111
6334 8304
6122 8133
3385 1363
2989 3665
2518 5503
2484 5926
6756 7019
6124 1474
4375 7695
5650 8217
9162 9287
7080 8123
6516 6322
8989 4904
8727 9529
7687 4597
8961 5446
1173 3262
6146 7583
9358 7552
1100 875
1313 3447
4091 7067
7583 6933
455 6067
9224 9200
9207 6955
2964 1253
3859 6079
2036 6290
7227 9492
7769 4579
5827 1575
3316 3466
9216 8606
7453 8825
9976 8453
4723 7361
4124 5932
9874 5529
2858 6947
5712 2810
9372 6556
9032 1573
8081 8991
5089 6826
9231 1285
8883 7901
5995 6213
8696 7652
3022 5694
7251 4050
5917 7705
9601 4896
1371 7829
1987 6363
6272 8281
3109 1923
9008 4836
5935 7193
758 2727
7829 5750
5031 7146
8714 7327
7641 5176
8591 8060
2431 8051
7431 5366
5341 7946
347 1626
8190 2061
9498 8817
7722 6359
6134 5157
6385 3826
7087 7395
1321 7069
1404 5777
7391 8129
5967 8939
7908 5262
8784 5923
5358 530
495 5625
7093 6276
5562 2570
9311 2996
2829 9172
741 8104
178 5947
4198 2215
5919 5987
7482 4850
8884 6386
2562 1884
1513 7796
9564 6769
9583 7002
9144 5410
8095 9145
3605 4549
9927 8958
4977 6685
4509 1909
4075 5312
7323 4847
8119 2993
6399 3640
7211 7118
411 1235
7689 2058
6659 5438
4878 6707
6728 7857
4143 6976
2571 1887
9494 9202
4002 8467
6278 6321
6480 68
3533 7627
2729 2980
8468 8721
5193 5922
6322 8157
8736 8450
4856 6319
6459 8320
9295 7803
5078 8990
4073 8010
9883 2982
9120 7076
7816 7112
7166 6860
7571 3886
6654 8877
7602 7992
4085 1775
9079 4960
8549 6350
8498 3237
5761 4568
2901 7649
1473 3486
8911 6992
9249 8815
6612 3951
8766 3699
8084 3331
9886 2632
3437 9369
8091 3375
9181 9385
8505 1418
5300 4105
8744 2158
1873 5737
9400 4465
9710 3836
4084 8032
9215 5765
8912 3991
3097 440
4051 9506
5868 7747
9705 4780
7226 1558
4421 8896
6222 9351
4168 1938
7441 8904
6718 8768
6037 4792
7989 6664
8395 6180
9050 8045
7683 1636
1489 4171
4119 7010
10072 9293
8456 7261
8529 7433
657 2828
5322 5482
7130 4728
4930 7194
1838 639
6695 7025
8105 3979
9173 9126
4339 2089
10011 9246
8331 8523
9179 2594
2507 7786
3777 2239
1579 7556
8245 9085
6096 4828
5751 5803
7567 7074
4961 9211
6353 2646
3412 2450
7544 8971
5542 7668
7578 7047
3759 3657
9539 2657
964 311
4333 7190
2265 5696
292 6451
6160 7921
7004 1900
2506 2528
4221 3504
7401 2285
3745 6756
4470 4942
4840 8433
7084 4552
5269 5296
3902 4219
9116 1380
725 9124
2735 3418
4264 3474
7023 6164
3692 3935
7019 6223
7002 7104
9082 9484
5150 3728
498 3673
9370 7973
729 221
7945 792
397 6324
9803 6969
2357 2078
9957 8014
413 1746
6392 7598
6622 2953
1898 7088
9030 7355
5754 9123
9040 8832
601 613
1985 7199
7622 5828
8748 7516
8082 3815
7844 4690
9575 4266
3448 4631
8565 4965
7357 8514
1679 2149
3912 6885
714 7902
6079 3070
7672 8640
6608 3453
4416 31
9932 6533
6897 2571
4732 9036
7932 1046
3211 5824
9687 9441
8668 7145
5717 7536
2625 4072
1415 9140
5266 5590
2923 8122
4894 504
733 6166
7915 208
1249 2220
9578 8335
4710 5892
2408 3807
243 5804
2386 2442
9955 2436
5175 8531
9733 510
7998 9267
9021 9198
10045 7120
7047 2719
5946 1264
5049 5938
7762 6262
2502 3212
7615 6007
1735 4793
9982 1254
6905 1788
6775 9004
6703 9567
4177 6221
5101 1543
2270 5247
7279 7980
5918 3303
2683 8301
204 8881
7183 7754
9262 7710
7934 6135
8163 4184
8605 4155
1197 4378
262 2482
6483 5655
1695 7316
7667 3401
4107 1248
7042 7273
8535 595
7124 4696
49 9150
7542 6747
7937 7872
4118 9
7545 8506
8157 9531
3882 536
6465 8131
7877 8888
7097 5002
3059 8945
1013 2775
7873 1643
1278 8049
6257 1070
6470 4044
5707 4975
8469 932
4578 763
8378 8699
7820 8171
9855 3915
7272 4740
8506 4768
5196 3492
4789 4520
5421 2936
9579 4340
8983 6274
9474 9201
3693 8924
9617 3540
9379 6758
5735 6311
3315 5846
10007 9342
7100 8564
5260 8878
444 2151
7273 8310
8740 7135
8308 2942
9540 6755
7286 7406
9740 8947
8475 7059
8457 9381
1540 2921
7282 6770
92 5430
8073 4842
5438 8291
4498 3567
4481 2088
9201 9481
6500 5273
662 8585
7345 4168
9730 8590
4369 6402
8405 4421
9168 8501
5061 7608
8212 3327
1924 6623
7904 2945
10026 6279
8392 8308
2598 3655
2908 2955
5930 3773
6823 7641
5664 4905
3816 6181
6235 1904
8045 4521
6754 358
9772 9460
1544 3444
1688 4957
4624 7830
7184 2370
7142 9421
6471 3521
2179 3325
2617 3716
8261 415
1983 5580
2210 6762
1732 1914
6807 3767
5615 2353
2787 7875
3627 8934
3702 1283
8329 8749
7521 1128
7585 4194
3793 4202
4210 6527
3987 5993
3552 1607
6568 4902
9980 9375
6309 5254
8815 5149
5599 6409
4721 8612
2468 248
7549 7735
1889 6791
7312 7828
5666 735
7800 2525
9639 1616
6923 2266
3829 9328
9428 6744
3608 6718
2416 3800
9150 7787
8387 6819
2004 4311
1276 1472
4031 6292
7264 348
2663 4152
4735 608
3978 1592
8444 4497
7082 4490
6300 3020
6154 145
1955 4498
864 2895
1285 8621
9806 5166
6311 5100
1519 5305
6166 8279
6913 3236
7459 7161
3312 4810
4409 3614
7018 4006
291 6187
6955 5307
6427 5027
8032 2540
8564 9301
1105 1497
7661 4931
9889 7605
4682 2800
6557 9565
1512 8530
7058 2925
2553 6094
6274 1932
2970 5899
3062 2314
2091 2376
4968 1865
2557 7865
2367 5776
7384 1133
7735 5711
1806 4056
6453 8420
1093 5343
8899 1738
8823 6033
9899 6073
5837 1010
5596 2795
5003 6961
6886 4529
9056 5727
357 205
7392 1662
9847 9474
5806 3966
8094 402
4599 781
7324 6741
3238 1578
6615 3903
5588 1949
5787 8043
6777 6566
743 5592
5890 7034
3136 5323
1538 7791
4945 5351
8121 5940
9041 3693
2361 7265
5422 1093
6010 7484
3256 2163
6620 5384
4298 2079
9112 1009
547 9143
4590 8224
4669 9203
6508 4587
2689 5103
610 4539
7341 4322
6330 9453
9022 8557
8316 8423
9510 7139
613 7637
3234 2576
2533 5770
9669 7827
3344 1982
6418 7129
5232 4934
7520 5838
1412 278
8058 5986
2348 3235
8263 652
5304 7072
1417 9315
5555 9309
5909 3242
4548 3760
6904 7514
7614 7336
6947 2206
7595 525
3548 8735
3293 1175
8491 7674
9237 3743
9711 8736
1585 5683
5663 2092
5009 3545
2746 5876
1624 8191
5964 4486
453 7877
4970 8978
6795 3247
6389 3460
5026 3717
6672 5024
4686 1029
4935 3668
7773 9347
7270 8377
4897 3560
3779 4460
5726 4848
6066 6172
3986 5130
10065 4633
3645 9060
9546 2425
9697 5492
7716 8669
3106 7604
2885 1298
335 1566
4694 8199
1097 1342
8711 7039
835 3526
7968 2232
4309 2209
4029 4864
6606 8636
3273 4765
7178 4427
7181 926
7296 7050
2974 3025
7359 7066
1503 6470
6210 5891
3556 2835
7581 8632
8040 8875
3269 7524
5602 22
6985 6843
5547 4446
1888 4416
9345 3125
7509 1840
6182 3837
6340 2421
2436 5363
2990 2284
3996 5859
3539 2234
3037 7510
8593 4060
1832 6256
1684 2668
4006 7245
4171 2610
8220 5194
8477 8165
8197 6416
2948 8400
4793 2202
9033 5426
3309 3779
6260 5596
7802 8935
5135 5264
6215 9432
6424 3196
1499 3748
4042 4737
2578 5731
3133 8357
8837 7445
4090 6160
1948 317
4948 6127
3407 2966
5307 2768
2936 9016
3363 7840
7162 7987
7138 7543
9317 6914
3157 6604
3279 6479
6971 3157
6964 6383
3868 2829
218 4447
3099 5847
3068 643
2804 3437
9208 7357
2050 9130
4745 8583
4744 9069
5153 4196
505 8324
6192 3766
7519 4265
2649 1502
3761 3424
3964 5344
4186 2613
2146 6289
8726 4671
6184 5204
2388 8015
1222 2325
4246 5606
293 6014
8370 7968
7218 5177
4597 5318
9741 6374
4842 1442
4540 982
8101 6403
8439 8258
6307 7525
5852 776
2196 1723
6181 5747
4003 6258
7241 5818
6946 7014
1762 1862
2283 5587
6285 3945
2117 3723
7200 6052
9011 4764
3017 6660
6450 6379
4627 4418
9875 9285
4293 8698
9684 8826
9535 7229
2910 4706
8950 7040
2458 3805
2085 6353
7868 1966
2911 2313
5807 8812
3594 564
8789 4457
6407 3308
3732 4294
4077 1968
597 9334
3389 1375
9301 268
1809 9379
7022 8316
7713 7835
3592 952
8380 1521
9984 8001
1066 7003
9143 8016
8641 3189
3245 2043
421 6443
2903 8502
9374 3515
4208 5619
7857 5811
2378 517
9043 374
3929 5967
4096 6716
4475 2113
3225 5012
7128 1510
9922 8968
6011 5206
9439 7224
6697 2720
4934 5432
8137 8651
4209 2455
25 7390
4497 3764
7025 2241
7884 2881
1511 2019
8176 9076
2445 1000
2496 3747
8034 8843
8555 8989
8582 5756
9005 7660
7465 6265
3313 2310
6848 8248
9729 2882
2303 5249
3521 9416
8195 8392
9814 4771
7941 6011
5142 3038
3684 3563
8507 6340
4841 3336
2597 6066
4889 512
8773 3576
3016 7402
2316 1074
9786 4680
9006 4484
3646 8841
3877 6931
5158 5365
4218 8414
7229 7643
8659 8618
8162 8265
3948 5505
3257 3944
9517 9195
6369 1176
2051 1239
8471 1384
7125 8161
5093 3596
7334 4612
6298 4666
5866 5329
971 7487
934 1126
8273 2277
4727 7426
5511 4204
5532 1089
2420 1189
2543 399
625 8245
686 6003
8486 8635
1251 2240
5208 2443
7634 5225
5931 7644
4559 8023
5210 797
7987 8578
5639 1697
7899 2672
5734 5099
2454 4734
8167 9497
9395 3983
3633 6995
1908 3523
7861 3527
4108 7807
6573 2138
6993 4495
9018 5319
1786 6327
6074 6189
2205 7477
2440 4899
9049 6211
9403 3902
8132 8996
8024 1961
8806 2511
7483 9217
3113 1373
6870 7529
5854 1097
8977 9302
3055 8967
8150 9573
8703 9534
5091 7411
9633 8247
9946 9317
8434 1789
863 7217
4415 538
4253 1199
448 5586
2566 3421
4880 5609
7119 3042
2513 547
7176 602
8644 5205
5693 4761
5905 7878
7396 7467
8236 4647
9902 8769
7108 3822
6393 1443
9526 5551
3938 8732
8426 3350
133 1693
6241 1822
8251 24
9745 144
4640 1764
8291 6375
2355 8659
1183 7645
3350 9235
7616 5914
9794 9099
6727 7728
4909 3320
7633 2167
4204 4814
2286 7359
2966 9212
6745 2855
6899 7802
9013 8402
9338 8790
6842 4775
1043 4760
5299 9311
8059 8972
5179 9473
10067 8729
5166 9281
8728 8460
2933 4406
2401 8623
3066 6178
2462 6399
4699 8209
5124 6017
9777 6055
9623 4746
9844 4600
9327 184
5057 854
5623 3934
4444 3203
8242 9032
6984 4159
4274 3885
8948 3538
4749 4749
9781 8960
7757 8926
8820 4482
9751 4304
9094 6332
1498 7764
6417 9221
2331 1451
1554 4733
9105 4317
7566 5421
8931 7954
6651 4506
3690 6388
7698 4303
9589 9013
7149 824
5361 7299
6496 3298
4130 4078
7302 8910
8185 6474
6915 4255
5205 7909
5069 3287
5225 3449
7041 2268
112 3848
4423 8233
9703 8089
551 2069
7621 7363
9800 2875
3084 9489
379 4941
4087 4324
8889 1315
3518 7455
6313 7892
2652 9116
6442 7788
8134 5473
8385 7844
1462 2851
9640 1424
5467 6441
5063 9355
9567 8526
4465 7936
9188 9376
4579 4803
9170 3489
3625 5372
6281 8900
8533 7431
8546 7276
6237 2122
3375 8334
1964 4153
3345 1656
9245 9259
3661 5760
8992 55
3617 3674
8038 6457
2558 5293
3373 3231
3011 3240
8366 7906
5218 5045
7833 9498
6197 210
8033 7914
5839 1863
6526 9250
7217 6247
2175 1104
4148 5467
3452 287
4014 6986
759 4669
1087 3056
6782 6647
9126 5748
3546 6526
7150 2879
1056 2703
7920 3533
9717 9488
2592 6203
5595 7090
9838 7387
5622 3233
3391 4607
5099 8253
4503 7544
9272 9353
2599 3884
2577 7056
8897 2933
7325 5397
586 6748
6234 6511
6548 6786
8296 9231
5224 4538
3415 6465
5512 8206
1618 771
7476 4953
4843 5457
5528 6541
381 3653
2171 2316
6732 1056
3236 2871
5238 7428
8388 3457
3904 2165
3267 7624
4317 6101
727 5007
5840 7349
8053 8292
1410 7483
5360 3476
7704 5094
4755 2439
5534 7690
7733 3243
3523 3487
3469 1794
3823 3568
8309 7550
8510 5656
3154 3900
8688 3658
8658 8850
6252 5489
4078 3374
7553 5295
1577 4260
4287 7340
9012 6650
8111 4296
4594 6705
5381 81
7175 2179
666 4025
4228 5434
9234 4809
9611 9485
7090 8306
9066 8813
8438 9574
8942 9320
3425 2734
7131 4689
2291 2407
8541 8347
7342 9563
6493 6492
6831 425
8414 5576
6513 1050
5551 328
9133 8397
7874 6781
7370 2184
403 6503
9793 3495
8493 6766
2601 3417
4380 2711
1830 8494
6854 3108
6533 9469
4146 1414
2466 4338
5406 4929
7083 9108
3434 7101
8177 8579
9051 5304
2448 5991
1699 3867
6967 1413
4028 1565
4136 8946
10058 8677
8819 8486
3015 6833
3477 8631
6645 9079
3163 9039
2183 3909
8476 8685
5200 8084
6142 3968
7592 7113
1047 2969
6997 6754
4053 8951
8347 5627
7049 4798
1123 7227
2344 7142
5226 3334
7048 6629
2485 8918
7896 4853
2660 2287
2629 5495
4733 340
2088 114
3191 5646
1012 2618
6894 5894
1792 1294
607 4860
8290 7115
9169 8802
3419 9054
3506 534
6406 4391
3568 2947
761 7479
7261 7253
5767 2883
6323 1359
2694 4411
1741 3605
8492 2970
5795 2349
760 9065
3143 6953
6216 7027
6537 4882
6337 8917
8050 8333
7225 2105
8117 8559
554 8087
2680 6697
512 1152
6293 3761
3789 2340
6343 3142
6130 6683
1656 7572
4828 1179
9004 1045
5687 2359
5893 423
4966 6743
9429 8695
6790 8469
2422 6263
7554 9300
6425 1610
8223 6029
8393 4726
8089 3253
2192 7685
4541 7744
4040 5667
2186 1360
6684 964
1023 2710
2067 5577
9856 6254
5435 5091
5677 3698
8349 1739
7862 6622
6165 4031
7609 2548
5139 6534
8250 7773
9149 2333
9532 9554
3403 3581
8800 8740
9254 8416
3354 5342
4838 6229
9190 2813
3863 4284
2488 7236
7970 3367
5346 5867
2203 5920
5376 8465
7883 8792
609 6898
9484 5246
7373 262
4088 7554
7880 5375
9698 5059
128 4487
6881 4812
4436 3584
529 8401
9867 9486
4023 1398
6481 3635
8326 9413
2517 5449
8315 6116
661 7385
5223 8620
8247 6113
3841 5031
3049 4783
5415 5451
6983 4782
8314 6219
3188 923
7950 4094
2820 545
2715 3787
2503 6760
2716 1316
5651 9365
5236 4195
2624 7647
6631 1606
6647 6809
7365 9536
3228 3552
1744 1404
1185 4360
7577 297
7472 1405
3126 6529
7846 5788
9805 1812
1529 8459
8811 6072
8286 6636
5502 6237
8632 6400
7141 2512
5444 8760
6701 3553
9357 5357
1594 2804
467 5190
7454 7378
1226 4162
5489 3046
1736 7555
7106 8341
7809 6413
8623 2312
5437 4426
7068 4547
8840 7718
6136 4791
5792 5629
2153 5017
9158 5452
5904 3663
507 3547
124 7813
6856 4802
5932 8739
4809 5713
3571 6985
6963 2329
6240 3135
3260 4059
5724 722
8322 8558
6133 1331
703 8237
9534 8252
9547 3364
4513 5854
4158 138
7102 8239
9882 7725
8241 5534
5127 8882
7413 5174
8335 6538
6655 3726
4663 845
856 6424
1134 5147
5397 4952
7265 7168
8523 7601
9337 1905
10084 6323
7744 7654
3869 8336
8478 7977
8768 9053
5976 2432
8867 9512
4355 5102
6169 7216
7719 4033
9953 8227
2321 769
1347 6891
5945 7449
9712 9447
8320 8425
6627 6797
6296 5900
3348 842
8509 1337
8390 5979
9334 2779
180 1853
7238 8704
2178 5583
5130 4287
7014 2345
978 4315
7677 6482
6101 2210
59 9292
4725 6768
697 7263
4401 4320
6796 7997
9888 5802
8153 1695
4822 9095
7775 4903
10062 6421
4810 7485
4464 5517
202 4858
414 747
1457 7280
1509 3738
1506 4510
2155 4286
2447 1091
5051 92
581 4000
2764 3491
3379 1509
3326 1209
3192 1800
110 4
3203 4279
1548 2143
909 544
926 3366
3995 2937
1253 1839
655 1767
415 327
3024 4628
1588 4920
950 6270
693 350
4644 2177
579 1147
3378 1778
1771 1282
2397 865
239 3258
1874 1560
4135 7746
3780 1402
534 1034
715 2862
430 1252
140 8510
2368 2197
4543 561
3658 6702
1957 2205
2995 1924
1941 3345
342 186
496 2696
684 1349
77 1976
4571 1544
6125 73
1113 6050
9475 1023
447 367
1555 2227
4865 1997
205 893
955 2985
718 918
1689 4259
4982 856
7423 726
6368 1826
2118 787
309 1797
9270 445
4425 3167
2427 637
614 951
107 3670
1295 4980
101 1425
2037 1390
574 6057
4742 651
2099 1392
2327 1745
306 3984
2728 1934
2893 981
4626 4261
1163 28
1246 4788
2493 389
2300 3613
183 1364
1570 254
4280 9138
2818 2039
120 48
1126 698
3003 2607
1675 3007
1359 2954
4641 604
154 5918
782 3974
956 3873
1322 5064
113 182
771 75
2574 4454
1110 2709
2006 4515
2407 4008
1574 143
2216 4650
1887 4542
965 8313
5982 5019
2356 76
1993 112
452 2249
883 1069
1232 666
4247 2097
2164 5568
1825 2135
1730 2943
1921 3646
830 3923
168 2017
2741 4002
273 492
4774 5198
571 5481
2950 3426
437 2505
5903 3570
2532 1602
767 1691
3002 1802
1844 4166
3253 2616
5018 2063
144 2728
578 1012
2123 2520
696 2306
603 261
2180 225
1178 917
2920 765
615 2100
843 3158
4675 434
569 3458
594 6798
932 227
2081 1333
5220 3190
1092 305
4032 3451
73 2393
265 469
987 57
429 468
7637 998
2919 1232
3076 1882
1189 736
1472 2412
176 5578
957 32
2258 5400
2568 3617
5412 1554
1167 709
1120 2952
5102 699
1355 307
3949 3294
236 3543
763 2154
2141 479
2887 3818
23 764
3286 1608
874 965
462 195
2751 4073
1118 3493
137 2262
2184 815
2078 2185
1937 4981
738 349
2156 3607
3005 3143
1099 801
5068 1114
4273 4979
359 1043
2172 1790
1623 1776
526 1972
62 1707
4617 2237
918 1372
2817 626
2384 3689
1568 5775
116 3821
1323 496
726 1832
518 565
26 252
2814 2449
87 1344
449 972
2548 5387
2209 2637
2256 6259
3822 2899
629 4074
1902 432
688 2510
3353 973
4044 5029
289 2930
175 4181
1636 3965
2442 7035
1416 975
2460 5364
3239 3910
287 3414
2062 7618
2580 2499
2018 1920
3698 1178
33 2351
4896 924
4461 3679
1606 6104
240 588
2374 2049
1375 622
4711 1637
1637 757
1593 380
1584 5093
858 253
5291 2159
2413 6917
412 2831
4322 614
2863 2650
2979 2785
557 3901
2500 4844
8767 850
378 4098
5514 725
2579 355
1373 3755
1595 1541
739 2675
4356 1986
3372 8619
259 2008
1671 4656
295 684
784 746
3998 1027
812 3183
1640 2103
644 1241
815 2496
6076 5040
1486 5334
745 5011
1299 3806
2973 3398
1456 6509
314 104
553 5782
1164 2328
441 3556
2353 2257
680 2563
1009 8534
3607 450
1881 4660
304 232
4152 2075
860 2489
2514 276
2638 690
3302 4392
2159 2757
631 880
5779 98
8 120
2985 359
606 1590
1010 2190
3306 4137
4457 5564
552 2460
1343 134
4184 7243
576 3565
3259 2619
170 4892
4295 945
1776 2658
980 1004
636 4543
2158 5487
3128 942
1682 3783
358 437
1657 1811
991 3740
1966 3804
2015 5227
2613 1719
1378 1313
139 4797
2396 4799
1030 1749
1693 480
3597 1149
2200 2137
3883 2144
1393 1432
4581 7699
3000 4590
572 1051
297 2001
371 5087
1680 1639
2959 115
2022 4027
1002 280
2530 3531
4357 3071
1257 5955
1019 5766
1508 2477
1856 3794
1490 2691
1068 194
4876 3049
241 980
2453 2695
2102 5459
678 1200
2713 524
3417 3213
345 3793
600 4570
1325 1279
1272 3765
1970 2045
1210 3005
4315 407
79 1427
3507 2924
1484 4937
1745 1971
903 3354
2801 192
3665 5780
1715 5371
4353 6822
1952 2377
2878 485
5313 1370
4782 2504
4332 3039
11 1407
4048 3296
4554 4282
469 1725
230 3454
3204 549
1084 2701
4775 2166
1883 3756
1240 126
3806 1195
2223 1491
1455 4302
1244 1352
103 15
1149 393
2755 3481
951 4145
2242 3138
2443 1229
1044 4476
2021 572
3336 5409
2826 2700
4588 1653
213 4563
1139 345
5077 670
173 2319
1192 260
1059 6273
5286 8827
4883 1848
5682 2905
227 332
1500 2995
804 2011
472 2107
232 5729
702 2072
2082 274
7985 4258
3207 1584
4659 1457
716 2900
1052 2014
928 759
1769 4956
1611 5643
181 2221
1070 6828
3814 7775
1395 1131
3265 9021
2480 361
4989 2746
2208 2588
1814 18
3471 1249
151 4068
3220 3026
1639 706
3411 898
1569 1233
3145 3089
1601 2196
1350 7489
3537 476
604 3808
1627 2974
755 2517
1582 169
2477 8071
172 49
2788 5912
152 1930
2673 4405
279 3383
2669 473
481 2661
519 5433
1553 2498
1311 8034
2726 1814
2545 4735
2343 3428
1006 857
2111 7020
1552 452
356 3078
1817 1665
1061 118
435 3047
1005 1686
1697 1456
238 2705
2610 6278
2191 7006
2528 1085
1696 4685
2380 2939
3089 457
1533 2713
4426 5370
641 5488
366 403
3091 3082
1469 163
5367 754
5128 1445
705 5786
868 750
5015 995
6139 1698
4147 2537
3177 627
602 1272
310 3633
1033 844
2154 2963
1505 1786
1798 552
2125 3718
1130 1845
3598 1945
2977 3973
2011 3373
1876 101
1090 3876
1977 1219
2177 2799
1528 818
4030 2776
1367 3173
7228 168
1363 5860
805 470
95 1145
3858 2472
643 1148
5993 3230
4570 1321
438 83
63 920
3898 2281
5888 25
2098 4790
2748 7398
1958 3921
2235 3022
1870 2391
3551 1685
2934 822
3603 2815
1175 2157
1121 3970
3563 1336
1939 74
1430 6889
6911 646
5310 5014
2392 2296
3504 976
2752 4190
1851 1314
271 223
2570 1912
6530 171
781 135
2658 140
4223 4588
81 460
514 9514
1480 1798
1316 247
2346 1039
536 6168
1526 2627
263 2187
1374 3392
1746 8718
6245 1151
1810 548
2023 2617
709 368
4565 3770
1179 4043
2193 19
4900 3684
1248 4305
1827 381
328 1629
5267 3095
2730 2546
1494 495
2124 3283
2275 2580
982 2265
788 1462
1431 5850
5632 679
4254 1467
38 870
3852 3124
290 1396
2060 1611
1497 2790
3899 2688
1450 1163
3008 542
2181 3176
15 1473
2591 1
216 1377
790 5581
1406 2663
4399 4841
4340 127
398 9316
1000 2639
282 4861
8399 1973
1791 1172
7 4675
3628 4869
4406 1962
1672 1730
3127 2977
7078 1568
2326 609
1069 4151
663 1493
1973 2418
2432 322
4304 507
5004 390
1301 4712
1128 4134
1085 868
2249 379
3063 1804
3322 7124
3925 1841
1596 513
3275 3881
361 3511
2176 5196
1200 63
1236 1989
1493 2861
1491 2090
3541 4425
1788 2957
487 71
3675 6793
406 2192
3077 1601
1668 946
3314 1470
3621 2084
699 4730
1622 3864
3230 2447
324 1281
834 3207
3519 1109
323 319
1072 738
4791 3068
249 1036
3558 3238
3663 878
5952 204
2655 3232
730 1809
3093 378
14 4536
1326 1468
2622 86
1067 141
2983 866
2556 5982
2862 529
2773 2208
1628 1077
4954 1324
4505 1378
596 121
1795 3862
1283 1212
4120 1671
944 364
660 8261
646 1250
1405 2729
1039 1309
4248 4985
1034 1741
4990 5162
364 712
826 3672
4980 395
165 229
368 302
1905 3120
2399 2640
674 2315
2328 6
2030 8108
5629 2335
6027 579
2248 1744
2671 2891
3397 1689
2046 1477
3642 3074
3117 1772
4282 180
212 4499
561 154
1162 139
1766 7096
111 774
2547 188
701 1889
689 516
1982 1916
2732 2368
325 462
1026 2020
506 1559
1638 1141
1345 189
9202 908
5981 2327
1035 447
3285 4203
186 30
626 695
2785 705
5846 326
3990 4441
568 799
2724 6592
1230 2423
2104 2542
1918 2535
4535 768
825 4164
3885 1806
2130 5470
478 5726
3398 318
589 1181
546 1234
3842 286
390 113
1204 1167
5883 3524
5741 1213
2723 2396
3588 6928
838 3790
5070 8834
3643 1858
193 1701
2105 939
3767 1065
1427 3845
2370 292
1855 5463
288 803
1135 1944
1590 1277
3498 294
1274 3148
3435 1098
1187 1274
163 1440
4059 4443
5660 1108
3744 4508
6098 3621
1133 597
1310 1766
986 8537
7076 1731
1521 2612
4080 2402
3479 4984
470 2557
1482 3270
1685 5864
1956 2229
4918 110
7195 1896
16 668
5404 587
7020 1001
2499 454
582 7480
2859 3782
1694 6344
394 6572
2161 644
1198 988
24 5340
3054 585
4318 256
71 655
897 2988
5680 291
466 5465
2667 648
953 1722
2095 3386
2504 3488
3624 2059
879 3
1273 96
2455 860
1723 551
4071 1401
3085 1699
706 969
2621 4615
836 5861
3364 1758
75 352
1349 1216
299 3199
1315 692
70 420
766 789
6414 4350
1380 1302
1868 1339
2645 9101
1351 5164
2151 863
7079 2699
3903 298
1772 5038
2219 2
668 5083
1474 1356
1096 828
320 199
3914 4032
3281 2452
735 3625
891 4923
229 2155
2564 4018
208 1393
270 1801
1673 2066
504 245
3122 5810
2939 656
6850 102
2073 2270
4 1770
1813 5825
5014 3098
685 1256
35 207
2144 6518
1152 3028
2984 458
6581 3461
2372 560
889 2552
3051 9151
1765 1073
3053 8067
3928 3599
983 4067
573 2876
4529 1732
404 2098
810 8111
3828 957
4634 1619
4234 7430
1607 279
1475 8342
2604 4071
3489 1335
2324 1444
2561 456
157 798
132 2093
1764 629
1780 1598
2882 2521
667 2476
354 1203
1811 4494
348 2260
315 4670
779 1545
377 4436
253 7191
2461 5052
5055 1008
801 2553
4230 2294
1424 715
2762 176
5363 3622
1151 300
622 1305
2754 5111
6008 4731
196 1650
988 3008
691 2303
2285 7939
5521 3210
1170 3241
2690 4845
2358 7575
3409 935
3527 1371
1060 3307
4561 412
1761 6109
231 3085
1114 8646
1605 46
515 888
503 4001
409 2429
1546 212
2269 1534
777 1236
2907 1717
1863 4908
827 4055
369 3443
3951 931
3046 851
1 2326
4560 37
3436 2708
6435 2162
3146 1700
2747 4643
3491 1951
828 142
86 129
1816 5324
2489 4150
1238 376
2473 742
4034 5842
4434 4464
3503 2413
886 35
3862 50
4847 2343
275 4833
4192 9087
2038 601
2584 1782
1542 4413
1391 1985
4076 2965
42 1702
520 6081
463 823
910 1647
839 1593
2302 3113
3308 3532
2523 4240
162 3602
1413 1773
