826 826
0 0
1 1
2 2
827 827
3 3
828 828
4 4
829 829
830 830
5 5
6 6
831 831
7 7
832 832
8 8
9 9
833 833
834 834
835 835
10 10
836 836
837 837
838 838
11 11
12 12
839 839
13 13
840 840
14 14
841 841
842 842
15 15
16 16
843 843
844 844
17 17
18 18
19 19
845 845
20 20
846 846
847 847
848 848
849 849
21 21
850 850
22 22
851 851
852 852
853 853
854 854
855 855
23 23
24 24
856 856
857 857
25 25
26 26
27 27
858 858
28 28
29 29
30 30
31 31
859 859
860 860
32 32
861 861
862 862
863 863
33 33
34 34
864 864
865 865
35 35
866 866
36 36
37 37
38 38
39 39
867 867
868 868
40 40
41 41
42 42
869 869
43 43
870 870
871 871
44 44
45 45
46 46
47 47
872 872
873 873
48 48
874 874
49 49
50 50
51 51
52 52
875 875
876 876
877 877
878 878
53 53
54 54
55 55
879 879
880 880
881 881
56 56
57 57
58 58
59 59
60 60
882 882
61 61
62 62
63 63
64 64
65 65
883 883
66 66
884 884
885 885
886 886
67 67
68 68
69 69
887 887
70 70
888 888
889 889
71 71
72 72
890 890
73 73
891 891
892 892
893 893
74 74
894 894
895 895
75 75
76 76
77 77
896 896
78 78
897 897
898 898
79 79
80 80
81 81
899 899
82 82
83 83
900 900
901 901
902 902
84 84
85 85
903 903
904 904
86 86
905 905
906 906
87 87
88 88
89 89
90 90
91 91
907 907
908 908
92 92
909 909
910 910
911 911
93 93
912 912
913 913
914 914
94 94
95 95
915 915
96 96
97 97
916 916
917 917
918 918
98 98
919 919
920 920
921 921
922 922
99 99
923 923
100 100
924 924
101 101
925 925
102 102
103 103
926 926
104 104
927 927
928 928
105 105
106 106
929 929
930 930
107 107
108 108
931 931
932 932
933 933
934 934
935 935
936 936
109 109
937 937
938 938
110 110
939 939
111 111
112 112
113 113
940 940
114 114
115 115
941 941
116 116
117 117
118 118
119 119
942 942
120 120
943 943
944 944
121 121
122 122
123 123
945 945
946 946
947 947
948 948
949 949
124 124
950 950
951 951
125 125
126 126
952 952
127 127
128 128
129 129
130 130
131 131
953 953
132 132
954 954
133 133
955 955
956 956
957 957
958 958
959 959
134 134
960 960
135 135
136 136
961 961
137 137
962 962
138 138
963 963
139 139
964 964
140 140
965 965
966 966
967 967
968 968
969 969
141 141
142 142
970 970
143 143
971 971
972 972
973 973
144 144
974 974
145 145
975 975
146 146
976 976
147 147
977 977
978 978
979 979
980 980
981 981
148 148
982 982
983 983
149 149
150 150
984 984
151 151
985 985
152 152
153 153
154 154
986 986
155 155
987 987
988 988
989 989
156 156
157 157
158 158
159 159
160 160
990 990
991 991
161 161
162 162
992 992
993 993
994 994
995 995
163 163
164 164
996 996
997 997
165 165
998 998
166 166
167 167
999 999
1000 1000
168 168
1001 1001
1002 1002
1003 1003
169 169
170 170
1004 1004
1005 1005
171 171
1006 1006
1007 1007
1008 1008
172 172
1009 1009
1010 1010
173 173
1011 1011
1012 1012
1013 1013
174 174
175 175
1014 1014
1015 1015
176 176
177 177
1016 1016
178 178
1017 1017
179 179
1018 1018
180 180
181 181
1019 1019
1020 1020
1021 1021
182 182
1022 1022
183 183
184 184
185 185
186 186
187 187
188 188
1023 1023
1024 1024
189 189
1025 1025
190 190
1026 1026
1027 1027
1028 1028
1029 1029
191 191
1030 1030
192 192
1031 1031
1032 1032
193 193
194 194
1033 1033
195 195
1034 1034
1035 1035
196 196
197 197
1036 1036
1037 1037
1038 1038
198 198
1039 1039
1040 1040
1041 1041
1042 1042
1043 1043
1044 1044
1045 1045
1046 1046
1047 1047
199 199
1048 1048
200 200
201 201
1049 1049
202 202
1050 1050
1051 1051
1052 1052
203 203
204 204
1053 1053
205 205
1054 1054
1055 1055
1056 1056
1057 1057
1058 1058
1059 1059
206 206
207 207
208 208
1060 1060
1061 1061
1062 1062
1063 1063
1064 1064
1065 1065
209 209
1066 1066
210 210
211 211
212 212
213 213
214 214
215 215
216 216
217 217
218 218
219 219
220 220
1067 1067
1068 1068
221 221
222 222
223 223
1069 1069
224 224
225 225
226 226
227 227
228 228
1070 1070
1071 1071
229 229
230 230
1072 1072
1073 1073
1074 1074
1075 1075
231 231
232 232
233 233
1076 1076
1077 1077
234 234
1078 1078
1079 1079
1080 1080
1081 1081
235 235
1082 1082
1083 1083
236 236
1084 1084
1085 1085
237 237
1086 1086
238 238
239 239
1087 1087
1088 1088
1089 1089
240 240
1090 1090
1091 1091
241 241
242 242
1092 1092
243 243
1093 1093
244 244
245 245
246 246
1094 1094
1095 1095
247 247
248 248
249 249
1096 1096
1097 1097
250 250
1098 1098
1099 1099
1100 1100
1101 1101
251 251
1102 1102
252 252
1103 1103
1104 1104
253 253
1105 1105
254 254
1106 1106
255 255
1107 1107
256 256
1108 1108
1109 1109
1110 1110
257 257
1111 1111
1112 1112
1113 1113
258 258
1114 1114
259 259
1115 1115
1116 1116
1117 1117
260 260
261 261
262 262
263 263
1118 1118
264 264
265 265
266 266
267 267
1119 1119
1120 1120
268 268
269 269
270 270
1121 1121
271 271
1122 1122
272 272
1123 1123
1124 1124
273 273
1125 1125
274 274
275 275
276 276
1126 1126
1127 1127
277 277
278 278
279 279
280 280
281 281
282 282
283 283
1128 1128
1129 1129
1130 1130
284 284
285 285
1131 1131
1132 1132
1133 1133
1134 1134
286 286
1135 1135
287 287
288 288
1136 1136
1137 1137
1138 1138
289 289
1139 1139
1140 1140
1141 1141
290 290
291 291
1142 1142
1143 1143
292 292
293 293
1144 1144
1145 1145
1146 1146
294 294
295 295
296 296
1147 1147
1148 1148
297 297
298 298
1149 1149
1150 1150
299 299
300 300
1151 1151
1152 1152
301 301
1153 1153
1154 1154
302 302
303 303
304 304
305 305
306 306
307 307
308 308
309 309
310 310
311 311
312 312
313 313
314 314
315 315
316 316
317 317
318 318
319 319
320 320
1155 1155
321 321
1156 1156
1157 1157
322 322
323 323
324 324
1158 1158
325 325
1159 1159
1160 1160
326 326
327 327
1161 1161
328 328
329 329
1162 1162
1163 1163
1164 1164
330 330
331 331
332 332
1165 1165
333 333
334 334
1166 1166
335 335
1167 1167
1168 1168
336 336
1169 1169
1170 1170
337 337
1171 1171
338 338
1172 1172
1173 1173
339 339
340 340
341 341
1174 1174
1175 1175
342 342
343 343
344 344
345 345
346 346
1176 1176
347 347
1177 1177
348 348
1178 1178
1179 1179
1180 1180
1181 1181
1182 1182
349 349
350 350
351 351
352 352
1183 1183
1184 1184
353 353
354 354
355 355
356 356
357 357
358 358
1185 1185
359 359
360 360
361 361
362 362
1186 1186
1187 1187
1188 1188
363 363
1189 1189
364 364
1190 1190
1191 1191
365 365
1192 1192
1193 1193
366 366
367 367
1194 1194
368 368
369 369
1195 1195
1196 1196
1197 1197
1198 1198
370 370
1199 1199
1200 1200
1201 1201
371 371
372 372
373 373
1202 1202
1203 1203
374 374
375 375
1204 1204
376 376
1205 1205
377 377
1206 1206
1207 1207
1208 1208
378 378
379 379
380 380
1209 1209
1210 1210
1211 1211
381 381
1212 1212
1213 1213
382 382
383 383
1214 1214
1215 1215
384 384
385 385
386 386
387 387
388 388
389 389
1216 1216
1217 1217
1218 1218
1219 1219
390 390
391 391
392 392
393 393
1220 1220
1221 1221
394 394
395 395
1222 1222
396 396
397 397
398 398
399 399
400 400
401 401
1223 1223
1224 1224
402 402
403 403
1225 1225
1226 1226
1227 1227
404 404
1228 1228
1229 1229
1230 1230
1231 1231
405 405
1232 1232
406 406
407 407
1233 1233
1234 1234
408 408
409 409
1235 1235
1236 1236
1237 1237
410 410
411 411
1238 1238
1239 1239
412 412
413 413
414 414
1240 1240
415 415
416 416
417 417
418 418
1241 1241
1242 1242
1243 1243
419 419
420 420
1244 1244
1245 1245
1246 1246
421 421
422 422
1247 1247
1248 1248
423 423
424 424
425 425
426 426
427 427
428 428
1249 1249
429 429
430 430
1250 1250
431 431
432 432
433 433
434 434
1251 1251
1252 1252
1253 1253
1254 1254
435 435
436 436
437 437
438 438
439 439
440 440
1255 1255
1256 1256
441 441
442 442
443 443
444 444
1257 1257
1258 1258
445 445
446 446
447 447
1259 1259
448 448
1260 1260
1261 1261
1262 1262
449 449
1263 1263
1264 1264
450 450
451 451
452 452
453 453
1265 1265
454 454
1266 1266
455 455
1267 1267
1268 1268
456 456
457 457
1269 1269
458 458
1270 1270
459 459
1271 1271
1272 1272
1273 1273
1274 1274
1275 1275
1276 1276
460 460
461 461
1277 1277
462 462
463 463
1278 1278
1279 1279
464 464
465 465
466 466
467 467
1280 1280
1281 1281
468 468
1282 1282
1283 1283
1284 1284
469 469
1285 1285
470 470
471 471
1286 1286
1287 1287
472 472
473 473
1288 1288
474 474
475 475
1289 1289
476 476
1290 1290
1291 1291
477 477
478 478
479 479
1292 1292
1293 1293
480 480
1294 1294
481 481
1295 1295
482 482
1296 1296
1297 1297
483 483
484 484
1298 1298
1299 1299
1300 1300
1301 1301
1302 1302
1303 1303
1304 1304
1305 1305
1306 1306
485 485
1307 1307
486 486
1308 1308
487 487
1309 1309
1310 1310
1311 1311
488 488
489 489
490 490
1312 1312
491 491
492 492
493 493
494 494
1313 1313
495 495
496 496
1314 1314
497 497
498 498
499 499
1315 1315
1316 1316
1317 1317
500 500
1318 1318
1319 1319
501 501
502 502
503 503
504 504
1320 1320
505 505
506 506
1321 1321
1322 1322
1323 1323
1324 1324
1325 1325
507 507
508 508
509 509
1326 1326
1327 1327
510 510
511 511
1328 1328
1329 1329
512 512
1330 1330
513 513
1331 1331
1332 1332
1333 1333
514 514
515 515
516 516
517 517
1334 1334
1335 1335
518 518
1336 1336
1337 1337
1338 1338
519 519
520 520
521 521
1339 1339
522 522
523 523
1340 1340
1341 1341
524 524
525 525
526 526
527 527
528 528
529 529
1342 1342
530 530
1343 1343
531 531
532 532
533 533
534 534
1344 1344
1345 1345
535 535
536 536
1346 1346
1347 1347
537 537
538 538
1348 1348
1349 1349
1350 1350
539 539
1351 1351
540 540
1352 1352
541 541
542 542
543 543
1353 1353
1354 1354
544 544
545 545
1355 1355
546 546
1356 1356
1357 1357
1358 1358
547 547
1359 1359
548 548
549 549
550 550
1360 1360
1361 1361
1362 1362
551 551
552 552
553 553
1363 1363
554 554
1364 1364
555 555
556 556
1365 1365
557 557
558 558
1366 1366
559 559
1367 1367
1368 1368
560 560
561 561
562 562
1369 1369
1370 1370
563 563
1371 1371
1372 1372
1373 1373
564 564
1374 1374
1375 1375
1376 1376
565 565
566 566
1377 1377
567 567
568 568
1378 1378
569 569
570 570
1379 1379
1380 1380
1381 1381
1382 1382
571 571
572 572
573 573
574 574
1383 1383
575 575
576 576
1384 1384
1385 1385
577 577
1386 1386
1387 1387
578 578
1388 1388
579 579
1389 1389
1390 1390
580 580
1391 1391
581 581
582 582
583 583
584 584
1392 1392
1393 1393
585 585
1394 1394
586 586
587 587
1395 1395
588 588
1396 1396
1397 1397
589 589
590 590
591 591
592 592
1398 1398
1399 1399
1400 1400
593 593
594 594
595 595
596 596
597 597
598 598
1401 1401
1402 1402
599 599
600 600
601 601
1403 1403
602 602
603 603
604 604
605 605
606 606
1404 1404
607 607
1405 1405
608 608
1406 1406
1407 1407
609 609
1408 1408
1409 1409
610 610
1410 1410
1411 1411
1412 1412
611 611
1413 1413
612 612
613 613
614 614
615 615
616 616
617 617
1414 1414
1415 1415
618 618
1416 1416
619 619
1417 1417
1418 1418
1419 1419
1420 1420
1421 1421
1422 1422
1423 1423
620 620
621 621
1424 1424
622 622
1425 1425
1426 1426
623 623
1427 1427
1428 1428
1429 1429
624 624
1430 1430
1431 1431
625 625
626 626
1432 1432
1433 1433
627 627
1434 1434
628 628
1435 1435
1436 1436
1437 1437
629 629
630 630
631 631
632 632
633 633
634 634
1438 1438
1439 1439
1440 1440
635 635
1441 1441
1442 1442
1443 1443
1444 1444
636 636
1445 1445
1446 1446
1447 1447
637 637
1448 1448
638 638
639 639
640 640
641 641
1449 1449
1450 1450
1451 1451
642 642
643 643
1452 1452
644 644
645 645
1453 1453
646 646
1454 1454
647 647
648 648
649 649
650 650
651 651
1455 1455
652 652
1456 1456
1457 1457
1458 1458
653 653
654 654
655 655
656 656
1459 1459
657 657
1460 1460
1461 1461
1462 1462
1463 1463
658 658
659 659
660 660
661 661
662 662
1464 1464
1465 1465
663 663
664 664
665 665
1466 1466
1467 1467
1468 1468
666 666
1469 1469
667 667
668 668
669 669
670 670
671 671
1470 1470
1471 1471
1472 1472
672 672
673 673
674 674
1473 1473
675 675
1474 1474
676 676
1475 1475
677 677
678 678
679 679
1476 1476
1477 1477
1478 1478
1479 1479
680 680
1480 1480
1481 1481
681 681
1482 1482
1483 1483
682 682
1484 1484
1485 1485
683 683
684 684
685 685
686 686
1486 1486
687 687
688 688
689 689
690 690
1487 1487
691 691
692 692
693 693
694 694
1488 1488
695 695
1489 1489
696 696
697 697
698 698
1490 1490
699 699
1491 1491
1492 1492
1493 1493
700 700
701 701
1494 1494
1495 1495
702 702
703 703
704 704
705 705
1496 1496
1497 1497
1498 1498
706 706
707 707
708 708
709 709
710 710
711 711
1499 1499
712 712
713 713
1500 1500
714 714
715 715
1501 1501
1502 1502
716 716
717 717
718 718
719 719
720 720
721 721
1503 1503
722 722
1504 1504
1505 1505
723 723
1506 1506
724 724
725 725
726 726
727 727
728 728
1507 1507
1508 1508
1509 1509
1510 1510
729 729
1511 1511
730 730
731 731
732 732
733 733
734 734
1512 1512
735 735
736 736
737 737
738 738
739 739
1513 1513
740 740
741 741
1514 1514
1515 1515
1516 1516
742 742
743 743
1517 1517
1518 1518
744 744
745 745
1519 1519
746 746
1520 1520
1521 1521
1522 1522
1523 1523
1524 1524
1525 1525
1526 1526
747 747
1527 1527
1528 1528
748 748
1529 1529
1530 1530
1531 1531
1532 1532
749 749
1533 1533
750 750
1534 1534
751 751
752 752
1535 1535
1536 1536
1537 1537
753 753
1538 1538
1539 1539
754 754
755 755
756 756
757 757
1540 1540
758 758
759 759
1541 1541
760 760
761 761
1542 1542
762 762
763 763
764 764
1543 1543
765 765
1544 1544
1545 1545
766 766
1546 1546
1547 1547
767 767
768 768
1548 1548
1549 1549
769 769
770 770
771 771
1550 1550
1551 1551
772 772
773 773
1552 1552
1553 1553
1554 1554
1555 1555
1556 1556
1557 1557
774 774
775 775
776 776
1558 1558
1559 1559
1560 1560
777 777
778 778
779 779
780 780
781 781
782 782
783 783
1561 1561
1562 1562
784 784
785 785
1563 1563
1564 1564
786 786
1565 1565
787 787
788 788
789 789
790 790
1566 1566
1567 1567
1568 1568
1569 1569
791 791
1570 1570
792 792
1571 1571
793 793
1572 1572
1573 1573
1574 1574
1575 1575
794 794
795 795
796 796
797 797
798 798
1576 1576
799 799
1577 1577
800 800
801 801
1578 1578
802 802
803 803
804 804
1579 1579
805 805
806 806
1580 1580
807 807
808 808
809 809
1581 1581
810 810
1582 1582
1583 1583
811 811
1584 1584
812 812
1585 1585
813 813
1586 1586
814 814
815 815
1587 1587
1588 1588
1589 1589
1590 1590
816 816
817 817
1591 1591
1592 1592
818 818
819 819
1593 1593
820 820
1594 1594
1595 1595
821 821
1596 1596
1597 1597
1598 1598
822 822
1599 1599
1600 1600
823 823
1601 1601
1602 1602
1603 1603
1604 1604
1605 1605
824 824
1606 1606
1607 1607
825 825
1608 1608
